v [cm$^{-1}$]    I(v) [$e^{2}$ amu$^{-1}$]    I_Norm(v) [AU]
   -48.000000                     0.000006          0.000011
   -47.000000                     0.000006          0.000011
   -46.000000                     0.000006          0.000011
   -45.000000                     0.000006          0.000011
   -44.000000                     0.000006          0.000011
   -43.000000                     0.000006          0.000011
   -42.000000                     0.000006          0.000011
   -41.000000                     0.000006          0.000011
   -40.000000                     0.000006          0.000011
   -39.000000                     0.000006          0.000011
   -38.000000                     0.000006          0.000011
   -37.000000                     0.000006          0.000011
   -36.000000                     0.000006          0.000011
   -35.000000                     0.000006          0.000012
   -34.000000                     0.000006          0.000012
   -33.000000                     0.000006          0.000012
   -32.000000                     0.000006          0.000012
   -31.000000                     0.000006          0.000012
   -30.000000                     0.000006          0.000012
   -29.000000                     0.000006          0.000012
   -28.000000                     0.000006          0.000012
   -27.000000                     0.000006          0.000012
   -26.000000                     0.000006          0.000012
   -25.000000                     0.000006          0.000012
   -24.000000                     0.000006          0.000012
   -23.000000                     0.000006          0.000012
   -22.000000                     0.000006          0.000012
   -21.000000                     0.000006          0.000012
   -20.000000                     0.000006          0.000012
   -19.000000                     0.000006          0.000012
   -18.000000                     0.000006          0.000012
   -17.000000                     0.000006          0.000012
   -16.000000                     0.000006          0.000012
   -15.000000                     0.000006          0.000012
   -14.000000                     0.000006          0.000012
   -13.000000                     0.000006          0.000012
   -12.000000                     0.000006          0.000012
   -11.000000                     0.000006          0.000012
   -10.000000                     0.000006          0.000012
    -9.000000                     0.000006          0.000012
    -8.000000                     0.000006          0.000013
    -7.000000                     0.000006          0.000013
    -6.000000                     0.000006          0.000013
    -5.000000                     0.000007          0.000013
    -4.000000                     0.000007          0.000013
    -3.000000                     0.000007          0.000013
    -2.000000                     0.000007          0.000013
    -1.000000                     0.000007          0.000013
     0.000000                     0.000007          0.000013
     1.000000                     0.000007          0.000013
     2.000000                     0.000007          0.000013
     3.000000                     0.000007          0.000013
     4.000000                     0.000007          0.000013
     5.000000                     0.000007          0.000013
     6.000000                     0.000007          0.000013
     7.000000                     0.000007          0.000013
     8.000000                     0.000007          0.000013
     9.000000                     0.000007          0.000013
    10.000000                     0.000007          0.000013
    11.000000                     0.000007          0.000013
    12.000000                     0.000007          0.000013
    13.000000                     0.000007          0.000013
    14.000000                     0.000007          0.000013
    15.000000                     0.000007          0.000014
    16.000000                     0.000007          0.000014
    17.000000                     0.000007          0.000014
    18.000000                     0.000007          0.000014
    19.000000                     0.000007          0.000014
    20.000000                     0.000007          0.000014
    21.000000                     0.000007          0.000014
    22.000000                     0.000007          0.000014
    23.000000                     0.000007          0.000014
    24.000000                     0.000007          0.000014
    25.000000                     0.000007          0.000014
    26.000000                     0.000007          0.000014
    27.000000                     0.000007          0.000014
    28.000000                     0.000007          0.000014
    29.000000                     0.000007          0.000014
    30.000000                     0.000007          0.000014
    31.000000                     0.000007          0.000014
    32.000000                     0.000007          0.000014
    33.000000                     0.000007          0.000014
    34.000000                     0.000007          0.000014
    35.000000                     0.000007          0.000015
    36.000000                     0.000008          0.000015
    37.000000                     0.000008          0.000015
    38.000000                     0.000008          0.000015
    39.000000                     0.000008          0.000015
    40.000000                     0.000008          0.000015
    41.000000                     0.000008          0.000015
    42.000000                     0.000008          0.000015
    43.000000                     0.000008          0.000015
    44.000000                     0.000008          0.000015
    45.000000                     0.000008          0.000015
    46.000000                     0.000008          0.000015
    47.000000                     0.000008          0.000015
    48.000000                     0.000008          0.000015
    49.000000                     0.000008          0.000015
    50.000000                     0.000008          0.000015
    51.000000                     0.000008          0.000015
    52.000000                     0.000008          0.000015
    53.000000                     0.000008          0.000016
    54.000000                     0.000008          0.000016
    55.000000                     0.000008          0.000016
    56.000000                     0.000008          0.000016
    57.000000                     0.000008          0.000016
    58.000000                     0.000008          0.000016
    59.000000                     0.000008          0.000016
    60.000000                     0.000008          0.000016
    61.000000                     0.000008          0.000016
    62.000000                     0.000008          0.000016
    63.000000                     0.000008          0.000016
    64.000000                     0.000008          0.000016
    65.000000                     0.000008          0.000016
    66.000000                     0.000008          0.000016
    67.000000                     0.000008          0.000016
    68.000000                     0.000009          0.000017
    69.000000                     0.000009          0.000017
    70.000000                     0.000009          0.000017
    71.000000                     0.000009          0.000017
    72.000000                     0.000009          0.000017
    73.000000                     0.000009          0.000017
    74.000000                     0.000009          0.000017
    75.000000                     0.000009          0.000017
    76.000000                     0.000009          0.000017
    77.000000                     0.000009          0.000017
    78.000000                     0.000009          0.000017
    79.000000                     0.000009          0.000017
    80.000000                     0.000009          0.000017
    81.000000                     0.000009          0.000018
    82.000000                     0.000009          0.000018
    83.000000                     0.000009          0.000018
    84.000000                     0.000009          0.000018
    85.000000                     0.000009          0.000018
    86.000000                     0.000009          0.000018
    87.000000                     0.000009          0.000018
    88.000000                     0.000009          0.000018
    89.000000                     0.000009          0.000018
    90.000000                     0.000009          0.000018
    91.000000                     0.000009          0.000018
    92.000000                     0.000010          0.000018
    93.000000                     0.000010          0.000019
    94.000000                     0.000010          0.000019
    95.000000                     0.000010          0.000019
    96.000000                     0.000010          0.000019
    97.000000                     0.000010          0.000019
    98.000000                     0.000010          0.000019
    99.000000                     0.000010          0.000019
   100.000000                     0.000010          0.000019
   101.000000                     0.000010          0.000019
   102.000000                     0.000010          0.000020
   103.000000                     0.000010          0.000020
   104.000000                     0.000010          0.000020
   105.000000                     0.000010          0.000020
   106.000000                     0.000010          0.000020
   107.000000                     0.000010          0.000020
   108.000000                     0.000011          0.000020
   109.000000                     0.000011          0.000021
   110.000000                     0.000011          0.000021
   111.000000                     0.000011          0.000021
   112.000000                     0.000011          0.000021
   113.000000                     0.000011          0.000022
   114.000000                     0.000011          0.000022
   115.000000                     0.000012          0.000022
   116.000000                     0.000012          0.000023
   117.000000                     0.000012          0.000023
   118.000000                     0.000012          0.000024
   119.000000                     0.000013          0.000025
   120.000000                     0.000014          0.000026
   121.000000                     0.000015          0.000028
   122.000000                     0.000016          0.000031
   123.000000                     0.000018          0.000036
   124.000000                     0.000023          0.000045
   125.000000                     0.000032          0.000063
   126.000000                     0.000055          0.000106
   127.000000                     0.000095          0.000185
   128.000000                     0.000085          0.000165
   129.000000                     0.000047          0.000091
   130.000000                     0.000030          0.000057
   131.000000                     0.000022          0.000043
   132.000000                     0.000018          0.000035
   133.000000                     0.000016          0.000032
   134.000000                     0.000015          0.000029
   135.000000                     0.000014          0.000028
   136.000000                     0.000014          0.000027
   137.000000                     0.000013          0.000026
   138.000000                     0.000013          0.000026
   139.000000                     0.000013          0.000025
   140.000000                     0.000013          0.000025
   141.000000                     0.000013          0.000025
   142.000000                     0.000013          0.000025
   143.000000                     0.000013          0.000025
   144.000000                     0.000013          0.000025
   145.000000                     0.000013          0.000025
   146.000000                     0.000013          0.000025
   147.000000                     0.000013          0.000025
   148.000000                     0.000013          0.000025
   149.000000                     0.000013          0.000025
   150.000000                     0.000013          0.000025
   151.000000                     0.000013          0.000025
   152.000000                     0.000013          0.000026
   153.000000                     0.000013          0.000026
   154.000000                     0.000013          0.000026
   155.000000                     0.000013          0.000026
   156.000000                     0.000013          0.000026
   157.000000                     0.000014          0.000026
   158.000000                     0.000014          0.000026
   159.000000                     0.000014          0.000027
   160.000000                     0.000014          0.000027
   161.000000                     0.000014          0.000027
   162.000000                     0.000014          0.000027
   163.000000                     0.000014          0.000027
   164.000000                     0.000014          0.000027
   165.000000                     0.000014          0.000028
   166.000000                     0.000014          0.000028
   167.000000                     0.000014          0.000028
   168.000000                     0.000014          0.000028
   169.000000                     0.000015          0.000028
   170.000000                     0.000015          0.000028
   171.000000                     0.000015          0.000029
   172.000000                     0.000015          0.000029
   173.000000                     0.000015          0.000029
   174.000000                     0.000015          0.000029
   175.000000                     0.000015          0.000030
   176.000000                     0.000015          0.000030
   177.000000                     0.000015          0.000030
   178.000000                     0.000016          0.000030
   179.000000                     0.000016          0.000030
   180.000000                     0.000016          0.000031
   181.000000                     0.000016          0.000031
   182.000000                     0.000016          0.000031
   183.000000                     0.000016          0.000031
   184.000000                     0.000016          0.000032
   185.000000                     0.000016          0.000032
   186.000000                     0.000017          0.000032
   187.000000                     0.000017          0.000033
   188.000000                     0.000017          0.000033
   189.000000                     0.000017          0.000033
   190.000000                     0.000017          0.000033
   191.000000                     0.000017          0.000034
   192.000000                     0.000018          0.000034
   193.000000                     0.000018          0.000034
   194.000000                     0.000018          0.000035
   195.000000                     0.000018          0.000035
   196.000000                     0.000018          0.000035
   197.000000                     0.000018          0.000036
   198.000000                     0.000019          0.000036
   199.000000                     0.000019          0.000037
   200.000000                     0.000019          0.000037
   201.000000                     0.000019          0.000037
   202.000000                     0.000019          0.000038
   203.000000                     0.000020          0.000038
   204.000000                     0.000020          0.000039
   205.000000                     0.000020          0.000039
   206.000000                     0.000020          0.000040
   207.000000                     0.000021          0.000040
   208.000000                     0.000021          0.000041
   209.000000                     0.000021          0.000041
   210.000000                     0.000022          0.000042
   211.000000                     0.000022          0.000042
   212.000000                     0.000022          0.000043
   213.000000                     0.000022          0.000044
   214.000000                     0.000023          0.000044
   215.000000                     0.000023          0.000045
   216.000000                     0.000024          0.000046
   217.000000                     0.000024          0.000047
   218.000000                     0.000024          0.000047
   219.000000                     0.000025          0.000048
   220.000000                     0.000025          0.000049
   221.000000                     0.000026          0.000050
   222.000000                     0.000026          0.000051
   223.000000                     0.000027          0.000052
   224.000000                     0.000028          0.000054
   225.000000                     0.000028          0.000055
   226.000000                     0.000029          0.000056
   227.000000                     0.000030          0.000058
   228.000000                     0.000031          0.000060
   229.000000                     0.000032          0.000061
   230.000000                     0.000033          0.000063
   231.000000                     0.000034          0.000066
   232.000000                     0.000035          0.000068
   233.000000                     0.000037          0.000071
   234.000000                     0.000038          0.000074
   235.000000                     0.000040          0.000078
   236.000000                     0.000042          0.000082
   237.000000                     0.000045          0.000086
   238.000000                     0.000047          0.000092
   239.000000                     0.000051          0.000098
   240.000000                     0.000055          0.000106
   241.000000                     0.000059          0.000115
   242.000000                     0.000065          0.000127
   243.000000                     0.000073          0.000141
   244.000000                     0.000082          0.000159
   245.000000                     0.000094          0.000182
   246.000000                     0.000110          0.000213
   247.000000                     0.000132          0.000256
   248.000000                     0.000164          0.000318
   249.000000                     0.000212          0.000412
   250.000000                     0.000290          0.000562
   251.000000                     0.000427          0.000829
   252.000000                     0.000702          0.001362
   253.000000                     0.001360          0.002641
   254.000000                     0.003343          0.006490
   255.000000                     0.007326          0.014221
   256.000000                     0.003927          0.007624
   257.000000                     0.001544          0.002998
   258.000000                     0.000771          0.001498
   259.000000                     0.000461          0.000895
   260.000000                     0.000310          0.000602
   261.000000                     0.000226          0.000439
   262.000000                     0.000175          0.000340
   263.000000                     0.000142          0.000276
   264.000000                     0.000119          0.000232
   265.000000                     0.000103          0.000200
   266.000000                     0.000091          0.000177
   267.000000                     0.000083          0.000160
   268.000000                     0.000076          0.000147
   269.000000                     0.000070          0.000137
   270.000000                     0.000066          0.000129
   271.000000                     0.000063          0.000122
   272.000000                     0.000060          0.000117
   273.000000                     0.000058          0.000113
   274.000000                     0.000057          0.000110
   275.000000                     0.000055          0.000108
   276.000000                     0.000054          0.000106
   277.000000                     0.000054          0.000104
   278.000000                     0.000053          0.000103
   279.000000                     0.000053          0.000102
   280.000000                     0.000053          0.000102
   281.000000                     0.000052          0.000102
   282.000000                     0.000053          0.000102
   283.000000                     0.000053          0.000102
   284.000000                     0.000053          0.000103
   285.000000                     0.000053          0.000103
   286.000000                     0.000054          0.000104
   287.000000                     0.000054          0.000105
   288.000000                     0.000055          0.000107
   289.000000                     0.000056          0.000108
   290.000000                     0.000056          0.000109
   291.000000                     0.000057          0.000111
   292.000000                     0.000058          0.000113
   293.000000                     0.000059          0.000115
   294.000000                     0.000060          0.000117
   295.000000                     0.000062          0.000119
   296.000000                     0.000063          0.000122
   297.000000                     0.000064          0.000125
   298.000000                     0.000066          0.000128
   299.000000                     0.000067          0.000131
   300.000000                     0.000069          0.000134
   301.000000                     0.000071          0.000138
   302.000000                     0.000073          0.000141
   303.000000                     0.000075          0.000146
   304.000000                     0.000077          0.000150
   305.000000                     0.000080          0.000155
   306.000000                     0.000082          0.000160
   307.000000                     0.000085          0.000165
   308.000000                     0.000088          0.000171
   309.000000                     0.000092          0.000178
   310.000000                     0.000095          0.000185
   311.000000                     0.000099          0.000193
   312.000000                     0.000104          0.000201
   313.000000                     0.000108          0.000210
   314.000000                     0.000114          0.000221
   315.000000                     0.000119          0.000232
   316.000000                     0.000126          0.000244
   317.000000                     0.000133          0.000258
   318.000000                     0.000141          0.000273
   319.000000                     0.000150          0.000291
   320.000000                     0.000160          0.000310
   321.000000                     0.000171          0.000333
   322.000000                     0.000185          0.000358
   323.000000                     0.000200          0.000388
   324.000000                     0.000218          0.000422
   325.000000                     0.000238          0.000463
   326.000000                     0.000263          0.000511
   327.000000                     0.000293          0.000568
   328.000000                     0.000329          0.000639
   329.000000                     0.000374          0.000726
   330.000000                     0.000431          0.000836
   331.000000                     0.000503          0.000977
   332.000000                     0.000600          0.001164
   333.000000                     0.000731          0.001419
   334.000000                     0.000916          0.001778
   335.000000                     0.001190          0.002310
   336.000000                     0.001620          0.003146
   337.000000                     0.002355          0.004571
   338.000000                     0.003760          0.007299
   339.000000                     0.006961          0.013514
   340.000000                     0.016654          0.032330
   341.000000                     0.059085          0.114699
   342.000000                     0.065373          0.126905
   343.000000                     0.018128          0.035191
   344.000000                     0.007392          0.014349
   345.000000                     0.003953          0.007673
   346.000000                     0.002475          0.004805
   347.000000                     0.001717          0.003333
   348.000000                     0.001280          0.002485
   349.000000                     0.001009          0.001958
   350.000000                     0.000831          0.001613
   351.000000                     0.000710          0.001378
   352.000000                     0.000626          0.001216
   353.000000                     0.000568          0.001103
   354.000000                     0.000529          0.001027
   355.000000                     0.000504          0.000978
   356.000000                     0.000491          0.000953
   357.000000                     0.000488          0.000947
   358.000000                     0.000495          0.000960
   359.000000                     0.000511          0.000993
   360.000000                     0.000539          0.001046
   361.000000                     0.000579          0.001124
   362.000000                     0.000634          0.001231
   363.000000                     0.000710          0.001378
   364.000000                     0.000813          0.001578
   365.000000                     0.000954          0.001852
   366.000000                     0.001154          0.002239
   367.000000                     0.001444          0.002802
   368.000000                     0.001885          0.003660
   369.000000                     0.002601          0.005050
   370.000000                     0.003868          0.007509
   371.000000                     0.006415          0.012452
   372.000000                     0.012643          0.024543
   373.000000                     0.033347          0.064736
   374.000000                     0.102621          0.199214
   375.000000                     0.053051          0.102985
   376.000000                     0.017516          0.034003
   377.000000                     0.008092          0.015709
   378.000000                     0.004614          0.008956
   379.000000                     0.002990          0.005804
   380.000000                     0.002110          0.004095
   381.000000                     0.001582          0.003070
   382.000000                     0.001241          0.002410
   383.000000                     0.001010          0.001960
   384.000000                     0.000846          0.001642
   385.000000                     0.000726          0.001409
   386.000000                     0.000636          0.001234
   387.000000                     0.000567          0.001100
   388.000000                     0.000513          0.000997
   389.000000                     0.000472          0.000916
   390.000000                     0.000439          0.000851
   391.000000                     0.000412          0.000801
   392.000000                     0.000392          0.000761
   393.000000                     0.000376          0.000730
   394.000000                     0.000364          0.000706
   395.000000                     0.000354          0.000688
   396.000000                     0.000348          0.000676
   397.000000                     0.000344          0.000668
   398.000000                     0.000343          0.000665
   399.000000                     0.000343          0.000666
   400.000000                     0.000346          0.000671
   401.000000                     0.000350          0.000679
   402.000000                     0.000356          0.000692
   403.000000                     0.000364          0.000707
   404.000000                     0.000375          0.000727
   405.000000                     0.000387          0.000751
   406.000000                     0.000402          0.000780
   407.000000                     0.000419          0.000813
   408.000000                     0.000438          0.000851
   409.000000                     0.000461          0.000895
   410.000000                     0.000488          0.000947
   411.000000                     0.000518          0.001005
   412.000000                     0.000553          0.001073
   413.000000                     0.000593          0.001151
   414.000000                     0.000639          0.001241
   415.000000                     0.000694          0.001347
   416.000000                     0.000757          0.001469
   417.000000                     0.000831          0.001614
   418.000000                     0.000920          0.001785
   419.000000                     0.001025          0.001990
   420.000000                     0.001152          0.002237
   421.000000                     0.001308          0.002540
   422.000000                     0.001501          0.002914
   423.000000                     0.001744          0.003385
   424.000000                     0.002055          0.003990
   425.000000                     0.002463          0.004782
   426.000000                     0.003012          0.005848
   427.000000                     0.003775          0.007328
   428.000000                     0.004877          0.009468
   429.000000                     0.006554          0.012722
   430.000000                     0.009274          0.018004
   431.000000                     0.014100          0.027372
   432.000000                     0.023783          0.046169
   433.000000                     0.046872          0.090991
   434.000000                     0.112573          0.218535
   435.000000                     0.210359          0.408362
   436.000000                     0.111513          0.216475
   437.000000                     0.046512          0.090293
   438.000000                     0.023655          0.045921
   439.000000                     0.014053          0.027281
   440.000000                     0.009263          0.017983
   441.000000                     0.006562          0.012739
   442.000000                     0.004899          0.009511
   443.000000                     0.003807          0.007390
   444.000000                     0.003053          0.005926
   445.000000                     0.002512          0.004876
   446.000000                     0.002112          0.004099
   447.000000                     0.001808          0.003510
   448.000000                     0.001574          0.003055
   449.000000                     0.001389          0.002697
   450.000000                     0.001243          0.002412
   451.000000                     0.001125          0.002184
   452.000000                     0.001030          0.002000
   453.000000                     0.000954          0.001851
   454.000000                     0.000892          0.001732
   455.000000                     0.000843          0.001636
   456.000000                     0.000804          0.001562
   457.000000                     0.000775          0.001505
   458.000000                     0.000755          0.001466
   459.000000                     0.000742          0.001441
   460.000000                     0.000738          0.001432
   461.000000                     0.000741          0.001438
   462.000000                     0.000752          0.001459
   463.000000                     0.000771          0.001497
   464.000000                     0.000800          0.001554
   465.000000                     0.000841          0.001632
   466.000000                     0.000894          0.001735
   467.000000                     0.000963          0.001869
   468.000000                     0.001052          0.002042
   469.000000                     0.001166          0.002264
   470.000000                     0.001314          0.002551
   471.000000                     0.001507          0.002926
   472.000000                     0.001764          0.003425
   473.000000                     0.002113          0.004101
   474.000000                     0.002598          0.005044
   475.000000                     0.003299          0.006405
   476.000000                     0.004358          0.008461
   477.000000                     0.006055          0.011755
   478.000000                     0.008992          0.017455
   479.000000                     0.014614          0.028370
   480.000000                     0.026765          0.051959
   481.000000                     0.054331          0.105470
   482.000000                     0.084899          0.164811
   483.000000                     0.056962          0.110578
   484.000000                     0.028020          0.054394
   485.000000                     0.015145          0.029401
   486.000000                     0.009230          0.017918
   487.000000                     0.006160          0.011959
   488.000000                     0.004393          0.008527
   489.000000                     0.003290          0.006388
   490.000000                     0.002560          0.004969
   491.000000                     0.002051          0.003981
   492.000000                     0.001683          0.003267
   493.000000                     0.001409          0.002734
   494.000000                     0.001198          0.002326
   495.000000                     0.001034          0.002006
   496.000000                     0.000902          0.001751
   497.000000                     0.000796          0.001545
   498.000000                     0.000708          0.001374
   499.000000                     0.000635          0.001233
   500.000000                     0.000574          0.001114
   501.000000                     0.000521          0.001012
   502.000000                     0.000477          0.000925
   503.000000                     0.000438          0.000850
   504.000000                     0.000404          0.000784
   505.000000                     0.000375          0.000727
   506.000000                     0.000348          0.000676
   507.000000                     0.000325          0.000632
   508.000000                     0.000305          0.000592
   509.000000                     0.000286          0.000556
   510.000000                     0.000270          0.000524
   511.000000                     0.000255          0.000495
   512.000000                     0.000241          0.000468
   513.000000                     0.000229          0.000444
   514.000000                     0.000218          0.000422
   515.000000                     0.000207          0.000402
   516.000000                     0.000198          0.000384
   517.000000                     0.000189          0.000367
   518.000000                     0.000181          0.000352
   519.000000                     0.000174          0.000337
   520.000000                     0.000167          0.000324
   521.000000                     0.000161          0.000312
   522.000000                     0.000155          0.000300
   523.000000                     0.000149          0.000290
   524.000000                     0.000144          0.000280
   525.000000                     0.000139          0.000270
   526.000000                     0.000135          0.000262
   527.000000                     0.000130          0.000253
   528.000000                     0.000127          0.000246
   529.000000                     0.000123          0.000238
   530.000000                     0.000119          0.000232
   531.000000                     0.000116          0.000225
   532.000000                     0.000113          0.000219
   533.000000                     0.000110          0.000213
   534.000000                     0.000107          0.000208
   535.000000                     0.000104          0.000203
   536.000000                     0.000102          0.000198
   537.000000                     0.000100          0.000193
   538.000000                     0.000097          0.000189
   539.000000                     0.000095          0.000185
   540.000000                     0.000093          0.000181
   541.000000                     0.000091          0.000177
   542.000000                     0.000089          0.000174
   543.000000                     0.000088          0.000170
   544.000000                     0.000086          0.000167
   545.000000                     0.000084          0.000164
   546.000000                     0.000083          0.000161
   547.000000                     0.000081          0.000158
   548.000000                     0.000080          0.000155
   549.000000                     0.000079          0.000153
   550.000000                     0.000077          0.000150
   551.000000                     0.000076          0.000148
   552.000000                     0.000075          0.000146
   553.000000                     0.000074          0.000144
   554.000000                     0.000073          0.000142
   555.000000                     0.000072          0.000140
   556.000000                     0.000071          0.000138
   557.000000                     0.000070          0.000136
   558.000000                     0.000069          0.000134
   559.000000                     0.000068          0.000133
   560.000000                     0.000068          0.000131
   561.000000                     0.000067          0.000130
   562.000000                     0.000066          0.000128
   563.000000                     0.000065          0.000127
   564.000000                     0.000065          0.000125
   565.000000                     0.000064          0.000124
   566.000000                     0.000063          0.000123
   567.000000                     0.000063          0.000122
   568.000000                     0.000062          0.000121
   569.000000                     0.000062          0.000120
   570.000000                     0.000061          0.000119
   571.000000                     0.000061          0.000118
   572.000000                     0.000060          0.000117
   573.000000                     0.000060          0.000116
   574.000000                     0.000059          0.000115
   575.000000                     0.000059          0.000114
   576.000000                     0.000058          0.000113
   577.000000                     0.000058          0.000113
   578.000000                     0.000058          0.000112
   579.000000                     0.000057          0.000111
   580.000000                     0.000057          0.000111
   581.000000                     0.000057          0.000110
   582.000000                     0.000057          0.000110
   583.000000                     0.000056          0.000109
   584.000000                     0.000056          0.000109
   585.000000                     0.000056          0.000108
   586.000000                     0.000056          0.000108
   587.000000                     0.000055          0.000107
   588.000000                     0.000055          0.000107
   589.000000                     0.000055          0.000107
   590.000000                     0.000055          0.000107
   591.000000                     0.000055          0.000106
   592.000000                     0.000055          0.000106
   593.000000                     0.000055          0.000106
   594.000000                     0.000054          0.000106
   595.000000                     0.000054          0.000106
   596.000000                     0.000054          0.000105
   597.000000                     0.000054          0.000105
   598.000000                     0.000054          0.000105
   599.000000                     0.000054          0.000105
   600.000000                     0.000054          0.000105
   601.000000                     0.000054          0.000105
   602.000000                     0.000054          0.000105
   603.000000                     0.000054          0.000105
   604.000000                     0.000054          0.000105
   605.000000                     0.000054          0.000106
   606.000000                     0.000054          0.000106
   607.000000                     0.000055          0.000106
   608.000000                     0.000055          0.000106
   609.000000                     0.000055          0.000106
   610.000000                     0.000055          0.000107
   611.000000                     0.000055          0.000107
   612.000000                     0.000055          0.000107
   613.000000                     0.000055          0.000108
   614.000000                     0.000056          0.000108
   615.000000                     0.000056          0.000109
   616.000000                     0.000056          0.000109
   617.000000                     0.000056          0.000110
   618.000000                     0.000057          0.000110
   619.000000                     0.000057          0.000111
   620.000000                     0.000057          0.000111
   621.000000                     0.000058          0.000112
   622.000000                     0.000058          0.000113
   623.000000                     0.000058          0.000113
   624.000000                     0.000059          0.000114
   625.000000                     0.000059          0.000115
   626.000000                     0.000060          0.000116
   627.000000                     0.000060          0.000117
   628.000000                     0.000061          0.000118
   629.000000                     0.000061          0.000119
   630.000000                     0.000062          0.000120
   631.000000                     0.000063          0.000121
   632.000000                     0.000063          0.000123
   633.000000                     0.000064          0.000124
   634.000000                     0.000065          0.000125
   635.000000                     0.000065          0.000127
   636.000000                     0.000066          0.000128
   637.000000                     0.000067          0.000130
   638.000000                     0.000068          0.000132
   639.000000                     0.000069          0.000134
   640.000000                     0.000070          0.000135
   641.000000                     0.000071          0.000138
   642.000000                     0.000072          0.000140
   643.000000                     0.000073          0.000142
   644.000000                     0.000074          0.000144
   645.000000                     0.000076          0.000147
   646.000000                     0.000077          0.000150
   647.000000                     0.000079          0.000153
   648.000000                     0.000080          0.000156
   649.000000                     0.000082          0.000159
   650.000000                     0.000084          0.000163
   651.000000                     0.000086          0.000167
   652.000000                     0.000088          0.000171
   653.000000                     0.000090          0.000175
   654.000000                     0.000093          0.000180
   655.000000                     0.000095          0.000185
   656.000000                     0.000098          0.000190
   657.000000                     0.000101          0.000196
   658.000000                     0.000104          0.000203
   659.000000                     0.000108          0.000210
   660.000000                     0.000112          0.000217
   661.000000                     0.000116          0.000226
   662.000000                     0.000121          0.000235
   663.000000                     0.000126          0.000245
   664.000000                     0.000132          0.000256
   665.000000                     0.000138          0.000268
   666.000000                     0.000145          0.000282
   667.000000                     0.000153          0.000297
   668.000000                     0.000162          0.000314
   669.000000                     0.000172          0.000334
   670.000000                     0.000183          0.000356
   671.000000                     0.000196          0.000381
   672.000000                     0.000211          0.000409
   673.000000                     0.000228          0.000443
   674.000000                     0.000248          0.000481
   675.000000                     0.000271          0.000527
   676.000000                     0.000299          0.000580
   677.000000                     0.000332          0.000645
   678.000000                     0.000373          0.000723
   679.000000                     0.000422          0.000819
   680.000000                     0.000484          0.000939
   681.000000                     0.000562          0.001092
   682.000000                     0.000664          0.001289
   683.000000                     0.000798          0.001549
   684.000000                     0.000980          0.001903
   685.000000                     0.001235          0.002397
   686.000000                     0.001603          0.003113
   687.000000                     0.002156          0.004185
   688.000000                     0.003013          0.005849
   689.000000                     0.004361          0.008466
   690.000000                     0.006359          0.012344
   691.000000                     0.008574          0.016645
   692.000000                     0.009267          0.017990
   693.000000                     0.007623          0.014797
   694.000000                     0.005373          0.010429
   695.000000                     0.003677          0.007139
   696.000000                     0.002582          0.005012
   697.000000                     0.001884          0.003658
   698.000000                     0.001429          0.002774
   699.000000                     0.001121          0.002176
   700.000000                     0.000905          0.001757
   701.000000                     0.000749          0.001454
   702.000000                     0.000633          0.001229
   703.000000                     0.000545          0.001058
   704.000000                     0.000477          0.000926
   705.000000                     0.000423          0.000822
   706.000000                     0.000380          0.000739
   707.000000                     0.000346          0.000671
   708.000000                     0.000317          0.000616
   709.000000                     0.000294          0.000571
   710.000000                     0.000275          0.000533
   711.000000                     0.000259          0.000502
   712.000000                     0.000245          0.000476
   713.000000                     0.000234          0.000454
   714.000000                     0.000224          0.000435
   715.000000                     0.000216          0.000420
   716.000000                     0.000210          0.000407
   717.000000                     0.000204          0.000396
   718.000000                     0.000200          0.000388
   719.000000                     0.000196          0.000381
   720.000000                     0.000193          0.000376
   721.000000                     0.000191          0.000372
   722.000000                     0.000190          0.000369
   723.000000                     0.000189          0.000368
   724.000000                     0.000189          0.000367
   725.000000                     0.000190          0.000368
   726.000000                     0.000191          0.000370
   727.000000                     0.000192          0.000373
   728.000000                     0.000194          0.000376
   729.000000                     0.000196          0.000381
   730.000000                     0.000199          0.000387
   731.000000                     0.000203          0.000394
   732.000000                     0.000207          0.000402
   733.000000                     0.000212          0.000411
   734.000000                     0.000217          0.000421
   735.000000                     0.000223          0.000433
   736.000000                     0.000230          0.000446
   737.000000                     0.000237          0.000460
   738.000000                     0.000245          0.000476
   739.000000                     0.000254          0.000494
   740.000000                     0.000264          0.000513
   741.000000                     0.000276          0.000535
   742.000000                     0.000288          0.000560
   743.000000                     0.000302          0.000587
   744.000000                     0.000318          0.000617
   745.000000                     0.000335          0.000651
   746.000000                     0.000355          0.000689
   747.000000                     0.000377          0.000733
   748.000000                     0.000403          0.000782
   749.000000                     0.000431          0.000837
   750.000000                     0.000464          0.000901
   751.000000                     0.000502          0.000975
   752.000000                     0.000546          0.001060
   753.000000                     0.000598          0.001160
   754.000000                     0.000659          0.001279
   755.000000                     0.000731          0.001420
   756.000000                     0.000819          0.001591
   757.000000                     0.000927          0.001800
   758.000000                     0.001061          0.002060
   759.000000                     0.001232          0.002391
   760.000000                     0.001452          0.002819
   761.000000                     0.001745          0.003387
   762.000000                     0.002146          0.004166
   763.000000                     0.002715          0.005271
   764.000000                     0.003561          0.006913
   765.000000                     0.004887          0.009487
   766.000000                     0.007108          0.013798
   767.000000                     0.011106          0.021559
   768.000000                     0.018650          0.036205
   769.000000                     0.031035          0.060247
   770.000000                     0.037886          0.073547
   771.000000                     0.027590          0.053560
   772.000000                     0.016330          0.031701
   773.000000                     0.010003          0.019419
   774.000000                     0.006669          0.012947
   775.000000                     0.004820          0.009357
   776.000000                     0.003735          0.007251
   777.000000                     0.003076          0.005972
   778.000000                     0.002676          0.005195
   779.000000                     0.002448          0.004752
   780.000000                     0.002349          0.004559
   781.000000                     0.002358          0.004577
   782.000000                     0.002473          0.004801
   783.000000                     0.002709          0.005260
   784.000000                     0.003101          0.006019
   785.000000                     0.003713          0.007207
   786.000000                     0.004669          0.009063
   787.000000                     0.006205          0.012046
   788.000000                     0.008805          0.017093
   789.000000                     0.013522          0.026249
   790.000000                     0.022686          0.044040
   791.000000                     0.039903          0.077462
   792.000000                     0.057109          0.110864
   793.000000                     0.046177          0.089642
   794.000000                     0.026703          0.051837
   795.000000                     0.015468          0.030027
   796.000000                     0.009719          0.018867
   797.000000                     0.006591          0.012795
   798.000000                     0.004747          0.009216
   799.000000                     0.003582          0.006955
   800.000000                     0.002804          0.005443
   801.000000                     0.002259          0.004385
   802.000000                     0.001863          0.003617
   803.000000                     0.001567          0.003042
   804.000000                     0.001340          0.002601
   805.000000                     0.001161          0.002254
   806.000000                     0.001018          0.001977
   807.000000                     0.000902          0.001752
   808.000000                     0.000807          0.001566
   809.000000                     0.000727          0.001412
   810.000000                     0.000660          0.001281
   811.000000                     0.000603          0.001170
   812.000000                     0.000554          0.001075
   813.000000                     0.000511          0.000993
   814.000000                     0.000474          0.000921
   815.000000                     0.000442          0.000858
   816.000000                     0.000414          0.000803
   817.000000                     0.000388          0.000754
   818.000000                     0.000366          0.000710
   819.000000                     0.000346          0.000671
   820.000000                     0.000328          0.000636
   821.000000                     0.000311          0.000604
   822.000000                     0.000297          0.000576
   823.000000                     0.000283          0.000550
   824.000000                     0.000271          0.000526
   825.000000                     0.000260          0.000505
   826.000000                     0.000250          0.000485
   827.000000                     0.000241          0.000467
   828.000000                     0.000232          0.000451
   829.000000                     0.000224          0.000436
   830.000000                     0.000217          0.000422
   831.000000                     0.000210          0.000409
   832.000000                     0.000204          0.000397
   833.000000                     0.000199          0.000386
   834.000000                     0.000193          0.000375
   835.000000                     0.000188          0.000366
   836.000000                     0.000184          0.000357
   837.000000                     0.000180          0.000349
   838.000000                     0.000176          0.000341
   839.000000                     0.000172          0.000334
   840.000000                     0.000169          0.000327
   841.000000                     0.000165          0.000321
   842.000000                     0.000162          0.000315
   843.000000                     0.000160          0.000310
   844.000000                     0.000157          0.000305
   845.000000                     0.000155          0.000300
   846.000000                     0.000152          0.000296
   847.000000                     0.000150          0.000292
   848.000000                     0.000148          0.000288
   849.000000                     0.000147          0.000284
   850.000000                     0.000145          0.000281
   851.000000                     0.000143          0.000278
   852.000000                     0.000142          0.000275
   853.000000                     0.000140          0.000272
   854.000000                     0.000139          0.000270
   855.000000                     0.000138          0.000268
   856.000000                     0.000137          0.000266
   857.000000                     0.000136          0.000264
   858.000000                     0.000135          0.000262
   859.000000                     0.000134          0.000260
   860.000000                     0.000133          0.000259
   861.000000                     0.000132          0.000257
   862.000000                     0.000132          0.000256
   863.000000                     0.000131          0.000255
   864.000000                     0.000131          0.000254
   865.000000                     0.000130          0.000253
   866.000000                     0.000130          0.000252
   867.000000                     0.000130          0.000251
   868.000000                     0.000129          0.000251
   869.000000                     0.000129          0.000250
   870.000000                     0.000129          0.000250
   871.000000                     0.000129          0.000250
   872.000000                     0.000129          0.000249
   873.000000                     0.000128          0.000249
   874.000000                     0.000128          0.000249
   875.000000                     0.000128          0.000249
   876.000000                     0.000129          0.000249
   877.000000                     0.000129          0.000250
   878.000000                     0.000129          0.000250
   879.000000                     0.000129          0.000250
   880.000000                     0.000129          0.000251
   881.000000                     0.000129          0.000251
   882.000000                     0.000130          0.000252
   883.000000                     0.000130          0.000252
   884.000000                     0.000130          0.000253
   885.000000                     0.000131          0.000254
   886.000000                     0.000131          0.000255
   887.000000                     0.000132          0.000256
   888.000000                     0.000132          0.000257
   889.000000                     0.000133          0.000258
   890.000000                     0.000133          0.000259
   891.000000                     0.000134          0.000260
   892.000000                     0.000135          0.000261
   893.000000                     0.000135          0.000263
   894.000000                     0.000136          0.000264
   895.000000                     0.000137          0.000265
   896.000000                     0.000137          0.000267
   897.000000                     0.000138          0.000268
   898.000000                     0.000139          0.000270
   899.000000                     0.000140          0.000272
   900.000000                     0.000141          0.000273
   901.000000                     0.000142          0.000275
   902.000000                     0.000143          0.000277
   903.000000                     0.000144          0.000279
   904.000000                     0.000145          0.000281
   905.000000                     0.000146          0.000283
   906.000000                     0.000147          0.000285
   907.000000                     0.000148          0.000287
   908.000000                     0.000149          0.000290
   909.000000                     0.000150          0.000292
   910.000000                     0.000152          0.000294
   911.000000                     0.000153          0.000297
   912.000000                     0.000154          0.000299
   913.000000                     0.000156          0.000302
   914.000000                     0.000157          0.000305
   915.000000                     0.000158          0.000308
   916.000000                     0.000160          0.000310
   917.000000                     0.000161          0.000313
   918.000000                     0.000163          0.000316
   919.000000                     0.000165          0.000319
   920.000000                     0.000166          0.000323
   921.000000                     0.000168          0.000326
   922.000000                     0.000170          0.000329
   923.000000                     0.000171          0.000333
   924.000000                     0.000173          0.000336
   925.000000                     0.000175          0.000340
   926.000000                     0.000177          0.000343
   927.000000                     0.000179          0.000347
   928.000000                     0.000181          0.000351
   929.000000                     0.000183          0.000355
   930.000000                     0.000185          0.000359
   931.000000                     0.000187          0.000363
   932.000000                     0.000189          0.000368
   933.000000                     0.000192          0.000372
   934.000000                     0.000194          0.000376
   935.000000                     0.000196          0.000381
   936.000000                     0.000199          0.000386
   937.000000                     0.000201          0.000391
   938.000000                     0.000204          0.000396
   939.000000                     0.000206          0.000401
   940.000000                     0.000209          0.000406
   941.000000                     0.000212          0.000411
   942.000000                     0.000215          0.000417
   943.000000                     0.000218          0.000422
   944.000000                     0.000221          0.000428
   945.000000                     0.000224          0.000434
   946.000000                     0.000227          0.000440
   947.000000                     0.000230          0.000446
   948.000000                     0.000233          0.000453
   949.000000                     0.000237          0.000459
   950.000000                     0.000240          0.000466
   951.000000                     0.000244          0.000473
   952.000000                     0.000247          0.000480
   953.000000                     0.000251          0.000487
   954.000000                     0.000255          0.000495
   955.000000                     0.000259          0.000503
   956.000000                     0.000263          0.000510
   957.000000                     0.000267          0.000519
   958.000000                     0.000271          0.000527
   959.000000                     0.000276          0.000535
   960.000000                     0.000280          0.000544
   961.000000                     0.000285          0.000553
   962.000000                     0.000290          0.000563
   963.000000                     0.000295          0.000572
   964.000000                     0.000300          0.000582
   965.000000                     0.000305          0.000592
   966.000000                     0.000310          0.000602
   967.000000                     0.000316          0.000613
   968.000000                     0.000321          0.000624
   969.000000                     0.000327          0.000635
   970.000000                     0.000333          0.000647
   971.000000                     0.000340          0.000659
   972.000000                     0.000346          0.000672
   973.000000                     0.000353          0.000684
   974.000000                     0.000359          0.000698
   975.000000                     0.000366          0.000711
   976.000000                     0.000374          0.000725
   977.000000                     0.000381          0.000740
   978.000000                     0.000389          0.000755
   979.000000                     0.000397          0.000770
   980.000000                     0.000405          0.000786
   981.000000                     0.000413          0.000802
   982.000000                     0.000422          0.000819
   983.000000                     0.000431          0.000837
   984.000000                     0.000440          0.000855
   985.000000                     0.000450          0.000874
   986.000000                     0.000460          0.000893
   987.000000                     0.000471          0.000913
   988.000000                     0.000481          0.000934
   989.000000                     0.000492          0.000956
   990.000000                     0.000504          0.000978
   991.000000                     0.000516          0.001002
   992.000000                     0.000528          0.001026
   993.000000                     0.000541          0.001051
   994.000000                     0.000555          0.001077
   995.000000                     0.000569          0.001104
   996.000000                     0.000583          0.001132
   997.000000                     0.000598          0.001161
   998.000000                     0.000614          0.001192
   999.000000                     0.000630          0.001223
  1000.000000                     0.000647          0.001256
  1001.000000                     0.000665          0.001290
  1002.000000                     0.000683          0.001326
  1003.000000                     0.000702          0.001364
  1004.000000                     0.000722          0.001402
  1005.000000                     0.000743          0.001443
  1006.000000                     0.000765          0.001486
  1007.000000                     0.000788          0.001530
  1008.000000                     0.000812          0.001577
  1009.000000                     0.000837          0.001626
  1010.000000                     0.000864          0.001677
  1011.000000                     0.000891          0.001730
  1012.000000                     0.000920          0.001787
  1013.000000                     0.000951          0.001846
  1014.000000                     0.000983          0.001908
  1015.000000                     0.001017          0.001974
  1016.000000                     0.001052          0.002043
  1017.000000                     0.001090          0.002115
  1018.000000                     0.001129          0.002192
  1019.000000                     0.001171          0.002273
  1020.000000                     0.001215          0.002359
  1021.000000                     0.001262          0.002450
  1022.000000                     0.001311          0.002546
  1023.000000                     0.001364          0.002648
  1024.000000                     0.001420          0.002756
  1025.000000                     0.001479          0.002871
  1026.000000                     0.001542          0.002994
  1027.000000                     0.001610          0.003125
  1028.000000                     0.001682          0.003265
  1029.000000                     0.001759          0.003415
  1030.000000                     0.001841          0.003575
  1031.000000                     0.001930          0.003747
  1032.000000                     0.002025          0.003932
  1033.000000                     0.002128          0.004131
  1034.000000                     0.002239          0.004346
  1035.000000                     0.002358          0.004578
  1036.000000                     0.002488          0.004830
  1037.000000                     0.002629          0.005103
  1038.000000                     0.002782          0.005401
  1039.000000                     0.002950          0.005726
  1040.000000                     0.003133          0.006081
  1041.000000                     0.003334          0.006472
  1042.000000                     0.003555          0.006902
  1043.000000                     0.003800          0.007376
  1044.000000                     0.004071          0.007903
  1045.000000                     0.004373          0.008488
  1046.000000                     0.004710          0.009143
  1047.000000                     0.005088          0.009877
  1048.000000                     0.005515          0.010706
  1049.000000                     0.005999          0.011645
  1050.000000                     0.006550          0.012716
  1051.000000                     0.007184          0.013945
  1052.000000                     0.007915          0.015365
  1053.000000                     0.008767          0.017018
  1054.000000                     0.009767          0.018960
  1055.000000                     0.010952          0.021261
  1056.000000                     0.012372          0.024017
  1057.000000                     0.014094          0.027360
  1058.000000                     0.016211          0.031470
  1059.000000                     0.018855          0.036602
  1060.000000                     0.022218          0.043130
  1061.000000                     0.026587          0.051612
  1062.000000                     0.032409          0.062913
  1063.000000                     0.040400          0.078427
  1064.000000                     0.051770          0.100499
  1065.000000                     0.068655          0.133277
  1066.000000                     0.095035          0.184488
  1067.000000                     0.138633          0.269124
  1068.000000                     0.214181          0.415782
  1069.000000                     0.342081          0.664070
  1070.000000                     0.497969          0.966688
  1071.000000                     0.515129          1.000000
  1072.000000                     0.370431          0.719104
  1073.000000                     0.239869          0.465649
  1074.000000                     0.164821          0.319960
  1075.000000                     0.126984          0.246508
  1076.000000                     0.112432          0.218261
  1077.000000                     0.116510          0.226176
  1078.000000                     0.142126          0.275905
  1079.000000                     0.197501          0.383402
  1080.000000                     0.272817          0.529609
  1081.000000                     0.285968          0.555139
  1082.000000                     0.209828          0.407332
  1083.000000                     0.134984          0.262039
  1084.000000                     0.088773          0.172332
  1085.000000                     0.061832          0.120031
  1086.000000                     0.045453          0.088235
  1087.000000                     0.034904          0.067759
  1088.000000                     0.027741          0.053853
  1089.000000                     0.022653          0.043975
  1090.000000                     0.018902          0.036694
  1091.000000                     0.016051          0.031160
  1092.000000                     0.013829          0.026845
  1093.000000                     0.012058          0.023408
  1094.000000                     0.010623          0.020621
  1095.000000                     0.009440          0.018326
  1096.000000                     0.008453          0.016410
  1097.000000                     0.007620          0.014792
  1098.000000                     0.006909          0.013412
  1099.000000                     0.006297          0.012225
  1100.000000                     0.005767          0.011195
  1101.000000                     0.005303          0.010295
  1102.000000                     0.004896          0.009505
  1103.000000                     0.004536          0.008805
  1104.000000                     0.004216          0.008184
  1105.000000                     0.003930          0.007629
  1106.000000                     0.003673          0.007131
  1107.000000                     0.003443          0.006683
  1108.000000                     0.003234          0.006278
  1109.000000                     0.003045          0.005911
  1110.000000                     0.002873          0.005578
  1111.000000                     0.002717          0.005274
  1112.000000                     0.002574          0.004997
  1113.000000                     0.002443          0.004742
  1114.000000                     0.002323          0.004509
  1115.000000                     0.002213          0.004295
  1116.000000                     0.002111          0.004098
  1117.000000                     0.002018          0.003917
  1118.000000                     0.001932          0.003750
  1119.000000                     0.001853          0.003596
  1120.000000                     0.001780          0.003455
  1121.000000                     0.001712          0.003324
  1122.000000                     0.001651          0.003205
  1123.000000                     0.001594          0.003095
  1124.000000                     0.001543          0.002995
  1125.000000                     0.001496          0.002904
  1126.000000                     0.001454          0.002823
  1127.000000                     0.001417          0.002750
  1128.000000                     0.001384          0.002687
  1129.000000                     0.001356          0.002633
  1130.000000                     0.001334          0.002590
  1131.000000                     0.001317          0.002557
  1132.000000                     0.001306          0.002536
  1133.000000                     0.001303          0.002529
  1134.000000                     0.001308          0.002539
  1135.000000                     0.001322          0.002567
  1136.000000                     0.001350          0.002620
  1137.000000                     0.001393          0.002704
  1138.000000                     0.001457          0.002828
  1139.000000                     0.001549          0.003006
  1140.000000                     0.001679          0.003260
  1141.000000                     0.001865          0.003621
  1142.000000                     0.002133          0.004141
  1143.000000                     0.002525          0.004902
  1144.000000                     0.003110          0.006037
  1145.000000                     0.003993          0.007751
  1146.000000                     0.005304          0.010296
  1147.000000                     0.007065          0.013716
  1148.000000                     0.008754          0.016995
  1149.000000                     0.009125          0.017714
  1150.000000                     0.007790          0.015121
  1151.000000                     0.005909          0.011471
  1152.000000                     0.004363          0.008470
  1153.000000                     0.003284          0.006375
  1154.000000                     0.002557          0.004963
  1155.000000                     0.002060          0.003999
  1156.000000                     0.001711          0.003322
  1157.000000                     0.001459          0.002832
  1158.000000                     0.001271          0.002467
  1159.000000                     0.001127          0.002187
  1160.000000                     0.001014          0.001968
  1161.000000                     0.000923          0.001792
  1162.000000                     0.000849          0.001648
  1163.000000                     0.000788          0.001529
  1164.000000                     0.000736          0.001428
  1165.000000                     0.000691          0.001342
  1166.000000                     0.000653          0.001267
  1167.000000                     0.000619          0.001202
  1168.000000                     0.000589          0.001144
  1169.000000                     0.000563          0.001093
  1170.000000                     0.000539          0.001047
  1171.000000                     0.000518          0.001005
  1172.000000                     0.000498          0.000967
  1173.000000                     0.000480          0.000932
  1174.000000                     0.000464          0.000900
  1175.000000                     0.000448          0.000870
  1176.000000                     0.000434          0.000843
  1177.000000                     0.000421          0.000817
  1178.000000                     0.000409          0.000793
  1179.000000                     0.000397          0.000771
  1180.000000                     0.000386          0.000750
  1181.000000                     0.000376          0.000730
  1182.000000                     0.000366          0.000711
  1183.000000                     0.000357          0.000693
  1184.000000                     0.000348          0.000676
  1185.000000                     0.000340          0.000660
  1186.000000                     0.000332          0.000644
  1187.000000                     0.000324          0.000629
  1188.000000                     0.000317          0.000615
  1189.000000                     0.000310          0.000602
  1190.000000                     0.000303          0.000589
  1191.000000                     0.000297          0.000576
  1192.000000                     0.000291          0.000564
  1193.000000                     0.000285          0.000553
  1194.000000                     0.000279          0.000542
  1195.000000                     0.000274          0.000531
  1196.000000                     0.000268          0.000521
  1197.000000                     0.000263          0.000511
