v [cm$^{-1}$]    I(v) [$\AA^{4}$ amu$^{-1}$]    I_Norm(v) [AU]
    79.000000                       0.000863          0.000187
    80.000000                       0.000877          0.000190
    81.000000                       0.000893          0.000193
    82.000000                       0.000908          0.000196
    83.000000                       0.000925          0.000200
    84.000000                       0.000942          0.000204
    85.000000                       0.000960          0.000208
    86.000000                       0.000978          0.000212
    87.000000                       0.000998          0.000216
    88.000000                       0.001018          0.000220
    89.000000                       0.001040          0.000225
    90.000000                       0.001063          0.000230
    91.000000                       0.001087          0.000235
    92.000000                       0.001112          0.000241
    93.000000                       0.001139          0.000247
    94.000000                       0.001168          0.000253
    95.000000                       0.001199          0.000259
    96.000000                       0.001232          0.000266
    97.000000                       0.001267          0.000274
    98.000000                       0.001305          0.000282
    99.000000                       0.001346          0.000291
   100.000000                       0.001390          0.000301
   101.000000                       0.001439          0.000311
   102.000000                       0.001492          0.000323
   103.000000                       0.001551          0.000335
   104.000000                       0.001615          0.000349
   105.000000                       0.001687          0.000365
   106.000000                       0.001768          0.000382
   107.000000                       0.001859          0.000402
   108.000000                       0.001962          0.000424
   109.000000                       0.002080          0.000450
   110.000000                       0.002217          0.000480
   111.000000                       0.002378          0.000514
   112.000000                       0.002567          0.000555
   113.000000                       0.002793          0.000604
   114.000000                       0.003069          0.000664
   115.000000                       0.003409          0.000737
   116.000000                       0.003836          0.000830
   117.000000                       0.004386          0.000949
   118.000000                       0.005111          0.001106
   119.000000                       0.006095          0.001319
   120.000000                       0.007483          0.001619
   121.000000                       0.009530          0.002062
   122.000000                       0.012726          0.002753
   123.000000                       0.018097          0.003915
   124.000000                       0.028049          0.006068
   125.000000                       0.048947          0.010589
   126.000000                       0.098303          0.021267
   127.000000                       0.188510          0.040783
   128.000000                       0.165532          0.035812
   129.000000                       0.081042          0.017533
   130.000000                       0.041873          0.009059
   131.000000                       0.024944          0.005397
   132.000000                       0.016620          0.003596
   133.000000                       0.012021          0.002601
   134.000000                       0.009247          0.002001
   135.000000                       0.007460          0.001614
   136.000000                       0.006249          0.001352
   137.000000                       0.005396          0.001167
   138.000000                       0.004778          0.001034
   139.000000                       0.004319          0.000934
   140.000000                       0.003972          0.000859
   141.000000                       0.003707          0.000802
   142.000000                       0.003503          0.000758
   143.000000                       0.003345          0.000724
   144.000000                       0.003223          0.000697
   145.000000                       0.003130          0.000677
   146.000000                       0.003060          0.000662
   147.000000                       0.003009          0.000651
   148.000000                       0.002973          0.000643
   149.000000                       0.002951          0.000639
   150.000000                       0.002941          0.000636
   151.000000                       0.002941          0.000636
   152.000000                       0.002949          0.000638
   153.000000                       0.002966          0.000642
   154.000000                       0.002990          0.000647
   155.000000                       0.003021          0.000654
   156.000000                       0.003058          0.000662
   157.000000                       0.003101          0.000671
   158.000000                       0.003151          0.000682
   159.000000                       0.003206          0.000694
   160.000000                       0.003266          0.000707
   161.000000                       0.003333          0.000721
   162.000000                       0.003405          0.000737
   163.000000                       0.003483          0.000754
   164.000000                       0.003567          0.000772
   165.000000                       0.003657          0.000791
   166.000000                       0.003753          0.000812
   167.000000                       0.003856          0.000834
   168.000000                       0.003966          0.000858
   169.000000                       0.004083          0.000883
   170.000000                       0.004208          0.000910
   171.000000                       0.004341          0.000939
   172.000000                       0.004483          0.000970
   173.000000                       0.004634          0.001002
   174.000000                       0.004794          0.001037
   175.000000                       0.004966          0.001074
   176.000000                       0.005149          0.001114
   177.000000                       0.005344          0.001156
   178.000000                       0.005553          0.001201
   179.000000                       0.005777          0.001250
   180.000000                       0.006016          0.001301
   181.000000                       0.006272          0.001357
   182.000000                       0.006547          0.001416
   183.000000                       0.006843          0.001480
   184.000000                       0.007162          0.001549
   185.000000                       0.007505          0.001624
   186.000000                       0.007876          0.001704
   187.000000                       0.008277          0.001791
   188.000000                       0.008712          0.001885
   189.000000                       0.009185          0.001987
   190.000000                       0.009700          0.002098
   191.000000                       0.010261          0.002220
   192.000000                       0.010876          0.002353
   193.000000                       0.011550          0.002499
   194.000000                       0.012291          0.002659
   195.000000                       0.013109          0.002836
   196.000000                       0.014014          0.003032
   197.000000                       0.015019          0.003249
   198.000000                       0.016139          0.003492
   199.000000                       0.017393          0.003763
   200.000000                       0.018801          0.004067
   201.000000                       0.020390          0.004411
   202.000000                       0.022191          0.004801
   203.000000                       0.024244          0.005245
   204.000000                       0.026596          0.005754
   205.000000                       0.029308          0.006341
   206.000000                       0.032454          0.007021
   207.000000                       0.036130          0.007817
   208.000000                       0.040457          0.008753
   209.000000                       0.045592          0.009864
   210.000000                       0.051740          0.011194
   211.000000                       0.059170          0.012801
   212.000000                       0.068238          0.014763
   213.000000                       0.079426          0.017183
   214.000000                       0.093375          0.020201
   215.000000                       0.110952          0.024004
   216.000000                       0.133303          0.028839
   217.000000                       0.161895          0.035025
   218.000000                       0.198447          0.042933
   219.000000                       0.244539          0.052904
   220.000000                       0.300475          0.065006
   221.000000                       0.362862          0.078503
   222.000000                       0.421385          0.091164
   223.000000                       0.458694          0.099235
   224.000000                       0.459363          0.099380
   225.000000                       0.423089          0.091533
   226.000000                       0.364987          0.078962
   227.000000                       0.302542          0.065453
   228.000000                       0.246337          0.053293
   229.000000                       0.199941          0.043256
   230.000000                       0.163126          0.035291
   231.000000                       0.134330          0.029061
   232.000000                       0.111831          0.024194
   233.000000                       0.094151          0.020369
   234.000000                       0.080134          0.017337
   235.000000                       0.068908          0.014908
   236.000000                       0.059823          0.012942
   237.000000                       0.052396          0.011336
   238.000000                       0.046268          0.010010
   239.000000                       0.041169          0.008907
   240.000000                       0.036895          0.007982
   241.000000                       0.033291          0.007202
   242.000000                       0.030239          0.006542
   243.000000                       0.027650          0.005982
   244.000000                       0.025458          0.005508
   245.000000                       0.023616          0.005109
   246.000000                       0.022099          0.004781
   247.000000                       0.020905          0.004523
   248.000000                       0.020065          0.004341
   249.000000                       0.019672          0.004256
   250.000000                       0.019942          0.004314
   251.000000                       0.021391          0.004628
   252.000000                       0.025396          0.005494
   253.000000                       0.036359          0.007866
   254.000000                       0.071068          0.015375
   255.000000                       0.141594          0.030633
   256.000000                       0.080226          0.017356
   257.000000                       0.037057          0.008017
   258.000000                       0.022729          0.004917
   259.000000                       0.016706          0.003614
   260.000000                       0.013571          0.002936
   261.000000                       0.011672          0.002525
   262.000000                       0.010390          0.002248
   263.000000                       0.009454          0.002045
   264.000000                       0.008731          0.001889
   265.000000                       0.008147          0.001763
   266.000000                       0.007660          0.001657
   267.000000                       0.007245          0.001567
   268.000000                       0.006883          0.001489
   269.000000                       0.006564          0.001420
   270.000000                       0.006280          0.001359
   271.000000                       0.006024          0.001303
   272.000000                       0.005792          0.001253
   273.000000                       0.005580          0.001207
   274.000000                       0.005387          0.001165
   275.000000                       0.005208          0.001127
   276.000000                       0.005044          0.001091
   277.000000                       0.004892          0.001058
   278.000000                       0.004751          0.001028
   279.000000                       0.004620          0.000999
   280.000000                       0.004498          0.000973
   281.000000                       0.004384          0.000948
   282.000000                       0.004278          0.000926
   283.000000                       0.004179          0.000904
   284.000000                       0.004087          0.000884
   285.000000                       0.004001          0.000866
   286.000000                       0.003921          0.000848
   287.000000                       0.003846          0.000832
   288.000000                       0.003776          0.000817
   289.000000                       0.003710          0.000803
   290.000000                       0.003650          0.000790
   291.000000                       0.003593          0.000777
   292.000000                       0.003541          0.000766
   293.000000                       0.003492          0.000755
   294.000000                       0.003447          0.000746
   295.000000                       0.003406          0.000737
   296.000000                       0.003368          0.000729
   297.000000                       0.003334          0.000721
   298.000000                       0.003303          0.000715
   299.000000                       0.003276          0.000709
   300.000000                       0.003251          0.000703
   301.000000                       0.003230          0.000699
   302.000000                       0.003212          0.000695
   303.000000                       0.003197          0.000692
   304.000000                       0.003186          0.000689
   305.000000                       0.003178          0.000688
   306.000000                       0.003174          0.000687
   307.000000                       0.003173          0.000686
   308.000000                       0.003176          0.000687
   309.000000                       0.003183          0.000689
   310.000000                       0.003195          0.000691
   311.000000                       0.003211          0.000695
   312.000000                       0.003233          0.000699
   313.000000                       0.003261          0.000705
   314.000000                       0.003295          0.000713
   315.000000                       0.003337          0.000722
   316.000000                       0.003387          0.000733
   317.000000                       0.003448          0.000746
   318.000000                       0.003520          0.000762
   319.000000                       0.003607          0.000780
   320.000000                       0.003712          0.000803
   321.000000                       0.003838          0.000830
   322.000000                       0.003991          0.000863
   323.000000                       0.004179          0.000904
   324.000000                       0.004412          0.000954
   325.000000                       0.004705          0.001018
   326.000000                       0.005081          0.001099
   327.000000                       0.005573          0.001206
   328.000000                       0.006234          0.001349
   329.000000                       0.007151          0.001547
   330.000000                       0.008476          0.001834
   331.000000                       0.010493          0.002270
   332.000000                       0.013780          0.002981
   333.000000                       0.019666          0.004255
   334.000000                       0.031735          0.006866
   335.000000                       0.062153          0.013446
   336.000000                       0.165214          0.035743
   337.000000                       0.401880          0.086944
   338.000000                       0.172171          0.037248
   339.000000                       0.064073          0.013862
   340.000000                       0.032526          0.007037
   341.000000                       0.020154          0.004360
   342.000000                       0.014183          0.003068
   343.000000                       0.010884          0.002355
   344.000000                       0.008887          0.001923
   345.000000                       0.007597          0.001643
   346.000000                       0.006723          0.001455
   347.000000                       0.006111          0.001322
   348.000000                       0.005673          0.001227
   349.000000                       0.005354          0.001158
   350.000000                       0.005121          0.001108
   351.000000                       0.004952          0.001071
   352.000000                       0.004833          0.001046
   353.000000                       0.004752          0.001028
   354.000000                       0.004704          0.001018
   355.000000                       0.004684          0.001013
   356.000000                       0.004689          0.001014
   357.000000                       0.004717          0.001021
   358.000000                       0.004769          0.001032
   359.000000                       0.004846          0.001048
   360.000000                       0.004949          0.001071
   361.000000                       0.005084          0.001100
   362.000000                       0.005258          0.001137
   363.000000                       0.005481          0.001186
   364.000000                       0.005769          0.001248
   365.000000                       0.006151          0.001331
   366.000000                       0.006670          0.001443
   367.000000                       0.007401          0.001601
   368.000000                       0.008487          0.001836
   369.000000                       0.010212          0.002209
   370.000000                       0.013216          0.002859
   371.000000                       0.019185          0.004151
   372.000000                       0.033683          0.007287
   373.000000                       0.081701          0.017675
   374.000000                       0.242175          0.052393
   375.000000                       0.127495          0.027583
   376.000000                       0.045315          0.009804
   377.000000                       0.023594          0.005104
   378.000000                       0.015642          0.003384
   379.000000                       0.011989          0.002594
   380.000000                       0.010063          0.002177
   381.000000                       0.008958          0.001938
   382.000000                       0.008293          0.001794
   383.000000                       0.007885          0.001706
   384.000000                       0.007640          0.001653
   385.000000                       0.007502          0.001623
   386.000000                       0.007441          0.001610
   387.000000                       0.007436          0.001609
   388.000000                       0.007474          0.001617
   389.000000                       0.007547          0.001633
   390.000000                       0.007648          0.001655
   391.000000                       0.007774          0.001682
   392.000000                       0.007922          0.001714
   393.000000                       0.008091          0.001750
   394.000000                       0.008278          0.001791
   395.000000                       0.008485          0.001836
   396.000000                       0.008709          0.001884
   397.000000                       0.008952          0.001937
   398.000000                       0.009213          0.001993
   399.000000                       0.009494          0.002054
   400.000000                       0.009794          0.002119
   401.000000                       0.010116          0.002188
   402.000000                       0.010459          0.002263
   403.000000                       0.010826          0.002342
   404.000000                       0.011218          0.002427
   405.000000                       0.011637          0.002518
   406.000000                       0.012084          0.002614
   407.000000                       0.012563          0.002718
   408.000000                       0.013075          0.002829
   409.000000                       0.013624          0.002947
   410.000000                       0.014212          0.003075
   411.000000                       0.014845          0.003212
   412.000000                       0.015525          0.003359
   413.000000                       0.016258          0.003517
   414.000000                       0.017050          0.003689
   415.000000                       0.017906          0.003874
   416.000000                       0.018835          0.004075
   417.000000                       0.019845          0.004293
   418.000000                       0.020946          0.004532
   419.000000                       0.022150          0.004792
   420.000000                       0.023473          0.005078
   421.000000                       0.024931          0.005394
   422.000000                       0.026547          0.005743
   423.000000                       0.028348          0.006133
   424.000000                       0.030372          0.006571
   425.000000                       0.032668          0.007067
   426.000000                       0.035304          0.007638
   427.000000                       0.038383          0.008304
   428.000000                       0.042067          0.009101
   429.000000                       0.046635          0.010089
   430.000000                       0.052614          0.011383
   431.000000                       0.061144          0.013228
   432.000000                       0.075098          0.016247
   433.000000                       0.103276          0.022343
   434.000000                       0.175547          0.037978
   435.000000                       0.281315          0.060861
   436.000000                       0.187693          0.040606
   437.000000                       0.129751          0.028071
   438.000000                       0.116224          0.025144
   439.000000                       0.118042          0.025538
   440.000000                       0.127089          0.027495
   441.000000                       0.141248          0.030558
   442.000000                       0.160353          0.034691
   443.000000                       0.185200          0.040067
   444.000000                       0.217376          0.047028
   445.000000                       0.259445          0.056129
   446.000000                       0.315413          0.068237
   447.000000                       0.391628          0.084726
   448.000000                       0.498445          0.107835
   449.000000                       0.653353          0.141349
   450.000000                       0.886938          0.191883
   451.000000                       1.253741          0.271239
   452.000000                       1.847140          0.399617
   453.000000                       2.785456          0.602615
   454.000000                       3.989789          0.863165
   455.000000                       4.622280          1.000000
   456.000000                       3.904084          0.844623
   457.000000                       2.702501          0.584669
   458.000000                       1.792213          0.387733
   459.000000                       1.219630          0.263859
   460.000000                       0.865185          0.187177
   461.000000                       0.638731          0.138185
   462.000000                       0.487997          0.105575
   463.000000                       0.383657          0.083002
   464.000000                       0.308887          0.066826
   465.000000                       0.253685          0.054883
   466.000000                       0.211873          0.045837
   467.000000                       0.179500          0.038834
   468.000000                       0.153953          0.033307
   469.000000                       0.133457          0.028873
   470.000000                       0.116773          0.025263
   471.000000                       0.103018          0.022287
   472.000000                       0.091548          0.019806
   473.000000                       0.081887          0.017716
   474.000000                       0.073674          0.015939
   475.000000                       0.066636          0.014416
   476.000000                       0.060560          0.013102
   477.000000                       0.055278          0.011959
   478.000000                       0.050658          0.010959
   479.000000                       0.046594          0.010080
   480.000000                       0.043001          0.009303
   481.000000                       0.039810          0.008613
   482.000000                       0.036961          0.007996
   483.000000                       0.034409          0.007444
   484.000000                       0.032113          0.006947
   485.000000                       0.030040          0.006499
   486.000000                       0.028162          0.006093
   487.000000                       0.026456          0.005724
   488.000000                       0.024902          0.005387
   489.000000                       0.023481          0.005080
   490.000000                       0.022179          0.004798
   491.000000                       0.020983          0.004540
   492.000000                       0.019882          0.004301
   493.000000                       0.018866          0.004082
   494.000000                       0.017927          0.003878
   495.000000                       0.017057          0.003690
   496.000000                       0.016249          0.003515
   497.000000                       0.015498          0.003353
   498.000000                       0.014798          0.003201
   499.000000                       0.014145          0.003060
   500.000000                       0.013535          0.002928
   501.000000                       0.012964          0.002805
   502.000000                       0.012429          0.002689
   503.000000                       0.011927          0.002580
   504.000000                       0.011455          0.002478
   505.000000                       0.011011          0.002382
   506.000000                       0.010592          0.002292
   507.000000                       0.010197          0.002206
   508.000000                       0.009825          0.002126
   509.000000                       0.009473          0.002049
   510.000000                       0.009139          0.001977
   511.000000                       0.008824          0.001909
   512.000000                       0.008524          0.001844
   513.000000                       0.008240          0.001783
   514.000000                       0.007971          0.001724
   515.000000                       0.007714          0.001669
   516.000000                       0.007470          0.001616
   517.000000                       0.007238          0.001566
   518.000000                       0.007016          0.001518
   519.000000                       0.006805          0.001472
   520.000000                       0.006604          0.001429
   521.000000                       0.006411          0.001387
   522.000000                       0.006227          0.001347
   523.000000                       0.006052          0.001309
   524.000000                       0.005883          0.001273
   525.000000                       0.005722          0.001238
   526.000000                       0.005568          0.001205
   527.000000                       0.005420          0.001173
   528.000000                       0.005278          0.001142
   529.000000                       0.005141          0.001112
   530.000000                       0.005010          0.001084
   531.000000                       0.004885          0.001057
   532.000000                       0.004764          0.001031
   533.000000                       0.004648          0.001005
   534.000000                       0.004536          0.000981
   535.000000                       0.004428          0.000958
   536.000000                       0.004324          0.000936
   537.000000                       0.004224          0.000914
   538.000000                       0.004128          0.000893
   539.000000                       0.004035          0.000873
   540.000000                       0.003945          0.000854
   541.000000                       0.003859          0.000835
   542.000000                       0.003775          0.000817
   543.000000                       0.003695          0.000799
   544.000000                       0.003617          0.000782
   545.000000                       0.003541          0.000766
   546.000000                       0.003468          0.000750
   547.000000                       0.003398          0.000735
   548.000000                       0.003330          0.000720
   549.000000                       0.003264          0.000706
   550.000000                       0.003200          0.000692
   551.000000                       0.003138          0.000679
   552.000000                       0.003078          0.000666
   553.000000                       0.003020          0.000653
   554.000000                       0.002963          0.000641
   555.000000                       0.002909          0.000629
   556.000000                       0.002856          0.000618
   557.000000                       0.002804          0.000607
   558.000000                       0.002755          0.000596
   559.000000                       0.002706          0.000585
   560.000000                       0.002659          0.000575
   561.000000                       0.002614          0.000565
   562.000000                       0.002569          0.000556
   563.000000                       0.002526          0.000547
   564.000000                       0.002485          0.000538
   565.000000                       0.002444          0.000529
   566.000000                       0.002404          0.000520
   567.000000                       0.002366          0.000512
   568.000000                       0.002329          0.000504
   569.000000                       0.002293          0.000496
   570.000000                       0.002257          0.000488
   571.000000                       0.002223          0.000481
   572.000000                       0.002190          0.000474
   573.000000                       0.002157          0.000467
   574.000000                       0.002126          0.000460
   575.000000                       0.002095          0.000453
   576.000000                       0.002065          0.000447
   577.000000                       0.002036          0.000440
   578.000000                       0.002007          0.000434
   579.000000                       0.001980          0.000428
   580.000000                       0.001953          0.000423
   581.000000                       0.001927          0.000417
   582.000000                       0.001902          0.000411
   583.000000                       0.001877          0.000406
   584.000000                       0.001853          0.000401
   585.000000                       0.001829          0.000396
   586.000000                       0.001806          0.000391
   587.000000                       0.001784          0.000386
   588.000000                       0.001763          0.000381
   589.000000                       0.001742          0.000377
   590.000000                       0.001721          0.000372
   591.000000                       0.001701          0.000368
   592.000000                       0.001682          0.000364
   593.000000                       0.001663          0.000360
   594.000000                       0.001645          0.000356
   595.000000                       0.001627          0.000352
   596.000000                       0.001610          0.000348
   597.000000                       0.001593          0.000345
   598.000000                       0.001577          0.000341
   599.000000                       0.001561          0.000338
   600.000000                       0.001546          0.000334
   601.000000                       0.001531          0.000331
   602.000000                       0.001517          0.000328
   603.000000                       0.001503          0.000325
   604.000000                       0.001489          0.000322
   605.000000                       0.001476          0.000319
   606.000000                       0.001464          0.000317
   607.000000                       0.001451          0.000314
   608.000000                       0.001440          0.000311
   609.000000                       0.001429          0.000309
   610.000000                       0.001418          0.000307
   611.000000                       0.001407          0.000304
   612.000000                       0.001397          0.000302
   613.000000                       0.001388          0.000300
   614.000000                       0.001379          0.000298
   615.000000                       0.001370          0.000296
   616.000000                       0.001362          0.000295
   617.000000                       0.001355          0.000293
   618.000000                       0.001347          0.000291
   619.000000                       0.001341          0.000290
   620.000000                       0.001334          0.000289
   621.000000                       0.001328          0.000287
   622.000000                       0.001323          0.000286
   623.000000                       0.001318          0.000285
   624.000000                       0.001314          0.000284
   625.000000                       0.001310          0.000283
   626.000000                       0.001307          0.000283
   627.000000                       0.001304          0.000282
   628.000000                       0.001302          0.000282
   629.000000                       0.001301          0.000281
   630.000000                       0.001300          0.000281
   631.000000                       0.001299          0.000281
   632.000000                       0.001300          0.000281
   633.000000                       0.001301          0.000281
   634.000000                       0.001303          0.000282
   635.000000                       0.001305          0.000282
   636.000000                       0.001309          0.000283
   637.000000                       0.001313          0.000284
   638.000000                       0.001318          0.000285
   639.000000                       0.001324          0.000286
   640.000000                       0.001331          0.000288
   641.000000                       0.001339          0.000290
   642.000000                       0.001349          0.000292
   643.000000                       0.001359          0.000294
   644.000000                       0.001371          0.000297
   645.000000                       0.001384          0.000300
   646.000000                       0.001399          0.000303
   647.000000                       0.001416          0.000306
   648.000000                       0.001434          0.000310
   649.000000                       0.001454          0.000315
   650.000000                       0.001476          0.000319
   651.000000                       0.001501          0.000325
   652.000000                       0.001528          0.000331
   653.000000                       0.001558          0.000337
   654.000000                       0.001591          0.000344
   655.000000                       0.001627          0.000352
   656.000000                       0.001667          0.000361
   657.000000                       0.001711          0.000370
   658.000000                       0.001760          0.000381
   659.000000                       0.001814          0.000392
   660.000000                       0.001873          0.000405
   661.000000                       0.001940          0.000420
   662.000000                       0.002013          0.000436
   663.000000                       0.002095          0.000453
   664.000000                       0.002187          0.000473
   665.000000                       0.002290          0.000495
   666.000000                       0.002405          0.000520
   667.000000                       0.002535          0.000549
   668.000000                       0.002683          0.000580
   669.000000                       0.002851          0.000617
   670.000000                       0.003043          0.000658
   671.000000                       0.003263          0.000706
   672.000000                       0.003518          0.000761
   673.000000                       0.003814          0.000825
   674.000000                       0.004162          0.000900
   675.000000                       0.004572          0.000989
   676.000000                       0.005061          0.001095
   677.000000                       0.005650          0.001222
   678.000000                       0.006366          0.001377
   679.000000                       0.007250          0.001568
   680.000000                       0.008356          0.001808
   681.000000                       0.009762          0.002112
   682.000000                       0.011586          0.002507
   683.000000                       0.014004          0.003030
   684.000000                       0.017291          0.003741
   685.000000                       0.021893          0.004736
   686.000000                       0.028556          0.006178
   687.000000                       0.038556          0.008341
   688.000000                       0.054076          0.011699
   689.000000                       0.078495          0.016982
   690.000000                       0.114694          0.024813
   691.000000                       0.154837          0.033498
   692.000000                       0.167383          0.036212
   693.000000                       0.137549          0.029758
   694.000000                       0.096738          0.020929
   695.000000                       0.065986          0.014276
   696.000000                       0.046102          0.009974
   697.000000                       0.033441          0.007235
   698.000000                       0.025164          0.005444
   699.000000                       0.019555          0.004231
   700.000000                       0.015618          0.003379
   701.000000                       0.012766          0.002762
   702.000000                       0.010641          0.002302
   703.000000                       0.009021          0.001952
   704.000000                       0.007758          0.001678
   705.000000                       0.006757          0.001462
   706.000000                       0.005950          0.001287
   707.000000                       0.005291          0.001145
   708.000000                       0.004746          0.001027
   709.000000                       0.004291          0.000928
   710.000000                       0.003906          0.000845
   711.000000                       0.003579          0.000774
   712.000000                       0.003298          0.000713
   713.000000                       0.003055          0.000661
   714.000000                       0.002844          0.000615
   715.000000                       0.002659          0.000575
   716.000000                       0.002496          0.000540
   717.000000                       0.002353          0.000509
   718.000000                       0.002226          0.000481
   719.000000                       0.002112          0.000457
   720.000000                       0.002011          0.000435
   721.000000                       0.001920          0.000415
   722.000000                       0.001838          0.000398
   723.000000                       0.001764          0.000382
   724.000000                       0.001698          0.000367
   725.000000                       0.001638          0.000354
   726.000000                       0.001583          0.000343
   727.000000                       0.001534          0.000332
   728.000000                       0.001489          0.000322
   729.000000                       0.001448          0.000313
   730.000000                       0.001411          0.000305
   731.000000                       0.001378          0.000298
   732.000000                       0.001348          0.000292
   733.000000                       0.001320          0.000286
   734.000000                       0.001296          0.000280
   735.000000                       0.001274          0.000276
   736.000000                       0.001254          0.000271
   737.000000                       0.001237          0.000268
   738.000000                       0.001222          0.000264
   739.000000                       0.001208          0.000261
   740.000000                       0.001197          0.000259
   741.000000                       0.001188          0.000257
   742.000000                       0.001181          0.000255
   743.000000                       0.001175          0.000254
   744.000000                       0.001172          0.000254
   745.000000                       0.001170          0.000253
   746.000000                       0.001170          0.000253
   747.000000                       0.001172          0.000254
   748.000000                       0.001176          0.000255
   749.000000                       0.001182          0.000256
   750.000000                       0.001191          0.000258
   751.000000                       0.001201          0.000260
   752.000000                       0.001214          0.000263
   753.000000                       0.001229          0.000266
   754.000000                       0.001247          0.000270
   755.000000                       0.001267          0.000274
   756.000000                       0.001291          0.000279
   757.000000                       0.001318          0.000285
   758.000000                       0.001349          0.000292
   759.000000                       0.001384          0.000299
   760.000000                       0.001424          0.000308
   761.000000                       0.001468          0.000318
   762.000000                       0.001519          0.000329
   763.000000                       0.001575          0.000341
   764.000000                       0.001639          0.000355
   765.000000                       0.001712          0.000370
   766.000000                       0.001793          0.000388
   767.000000                       0.001886          0.000408
   768.000000                       0.001992          0.000431
   769.000000                       0.002112          0.000457
   770.000000                       0.002251          0.000487
   771.000000                       0.002410          0.000521
   772.000000                       0.002595          0.000561
   773.000000                       0.002810          0.000608
   774.000000                       0.003062          0.000662
   775.000000                       0.003360          0.000727
   776.000000                       0.003716          0.000804
   777.000000                       0.004144          0.000897
   778.000000                       0.004667          0.001010
   779.000000                       0.005311          0.001149
   780.000000                       0.006118          0.001324
   781.000000                       0.007147          0.001546
   782.000000                       0.008485          0.001836
   783.000000                       0.010267          0.002221
   784.000000                       0.012709          0.002749
   785.000000                       0.016173          0.003499
   786.000000                       0.021299          0.004608
   787.000000                       0.029294          0.006338
   788.000000                       0.042599          0.009216
   789.000000                       0.066521          0.014391
   790.000000                       0.112802          0.024404
   791.000000                       0.199582          0.043178
   792.000000                       0.286294          0.061938
   793.000000                       0.231379          0.050057
   794.000000                       0.133462          0.028874
   795.000000                       0.076998          0.016658
   796.000000                       0.048136          0.010414
   797.000000                       0.032455          0.007021
   798.000000                       0.023231          0.005026
   799.000000                       0.017418          0.003768
   800.000000                       0.013543          0.002930
   801.000000                       0.010840          0.002345
   802.000000                       0.008884          0.001922
   803.000000                       0.007426          0.001606
   804.000000                       0.006310          0.001365
   805.000000                       0.005437          0.001176
   806.000000                       0.004742          0.001026
   807.000000                       0.004180          0.000904
   808.000000                       0.003719          0.000804
   809.000000                       0.003335          0.000722
   810.000000                       0.003014          0.000652
   811.000000                       0.002741          0.000593
   812.000000                       0.002508          0.000543
   813.000000                       0.002307          0.000499
   814.000000                       0.002132          0.000461
   815.000000                       0.001979          0.000428
   816.000000                       0.001845          0.000399
   817.000000                       0.001726          0.000374
   818.000000                       0.001621          0.000351
   819.000000                       0.001527          0.000330
   820.000000                       0.001443          0.000312
   821.000000                       0.001367          0.000296
   822.000000                       0.001298          0.000281
   823.000000                       0.001236          0.000267
   824.000000                       0.001179          0.000255
   825.000000                       0.001127          0.000244
   826.000000                       0.001080          0.000234
   827.000000                       0.001037          0.000224
   828.000000                       0.000997          0.000216
   829.000000                       0.000960          0.000208
   830.000000                       0.000926          0.000200
   831.000000                       0.000894          0.000193
   832.000000                       0.000865          0.000187
   833.000000                       0.000837          0.000181
   834.000000                       0.000812          0.000176
   835.000000                       0.000788          0.000171
   836.000000                       0.000766          0.000166
   837.000000                       0.000745          0.000161
   838.000000                       0.000726          0.000157
   839.000000                       0.000707          0.000153
   840.000000                       0.000690          0.000149
   841.000000                       0.000674          0.000146
   842.000000                       0.000658          0.000142
   843.000000                       0.000644          0.000139
   844.000000                       0.000630          0.000136
   845.000000                       0.000617          0.000133
   846.000000                       0.000605          0.000131
   847.000000                       0.000593          0.000128
   848.000000                       0.000582          0.000126
   849.000000                       0.000571          0.000124
   850.000000                       0.000561          0.000121
   851.000000                       0.000551          0.000119
   852.000000                       0.000542          0.000117
   853.000000                       0.000534          0.000115
   854.000000                       0.000525          0.000114
   855.000000                       0.000517          0.000112
   856.000000                       0.000510          0.000110
   857.000000                       0.000502          0.000109
   858.000000                       0.000495          0.000107
   859.000000                       0.000489          0.000106
   860.000000                       0.000482          0.000104
   861.000000                       0.000476          0.000103
   862.000000                       0.000470          0.000102
   863.000000                       0.000464          0.000100
   864.000000                       0.000459          0.000099
   865.000000                       0.000454          0.000098
   866.000000                       0.000449          0.000097
   867.000000                       0.000444          0.000096
   868.000000                       0.000439          0.000095
   869.000000                       0.000435          0.000094
   870.000000                       0.000430          0.000093
   871.000000                       0.000426          0.000092
   872.000000                       0.000422          0.000091
   873.000000                       0.000418          0.000091
   874.000000                       0.000415          0.000090
   875.000000                       0.000411          0.000089
   876.000000                       0.000408          0.000088
   877.000000                       0.000404          0.000087
   878.000000                       0.000401          0.000087
   879.000000                       0.000398          0.000086
   880.000000                       0.000395          0.000085
   881.000000                       0.000392          0.000085
   882.000000                       0.000389          0.000084
   883.000000                       0.000386          0.000084
   884.000000                       0.000384          0.000083
   885.000000                       0.000381          0.000082
   886.000000                       0.000379          0.000082
   887.000000                       0.000377          0.000081
   888.000000                       0.000374          0.000081
   889.000000                       0.000372          0.000081
   890.000000                       0.000370          0.000080
   891.000000                       0.000368          0.000080
   892.000000                       0.000366          0.000079
   893.000000                       0.000364          0.000079
   894.000000                       0.000362          0.000078
   895.000000                       0.000361          0.000078
   896.000000                       0.000359          0.000078
   897.000000                       0.000357          0.000077
   898.000000                       0.000356          0.000077
   899.000000                       0.000354          0.000077
   900.000000                       0.000353          0.000076
   901.000000                       0.000351          0.000076
   902.000000                       0.000350          0.000076
   903.000000                       0.000349          0.000075
   904.000000                       0.000348          0.000075
   905.000000                       0.000347          0.000075
   906.000000                       0.000346          0.000075
   907.000000                       0.000344          0.000075
   908.000000                       0.000344          0.000074
   909.000000                       0.000343          0.000074
   910.000000                       0.000342          0.000074
   911.000000                       0.000341          0.000074
   912.000000                       0.000340          0.000074
   913.000000                       0.000339          0.000073
   914.000000                       0.000339          0.000073
   915.000000                       0.000338          0.000073
   916.000000                       0.000338          0.000073
   917.000000                       0.000337          0.000073
   918.000000                       0.000336          0.000073
   919.000000                       0.000336          0.000073
   920.000000                       0.000336          0.000073
   921.000000                       0.000335          0.000073
   922.000000                       0.000335          0.000072
   923.000000                       0.000335          0.000072
   924.000000                       0.000335          0.000072
   925.000000                       0.000334          0.000072
   926.000000                       0.000334          0.000072
   927.000000                       0.000334          0.000072
   928.000000                       0.000334          0.000072
   929.000000                       0.000334          0.000072
   930.000000                       0.000334          0.000072
   931.000000                       0.000334          0.000072
   932.000000                       0.000335          0.000072
   933.000000                       0.000335          0.000072
   934.000000                       0.000335          0.000072
   935.000000                       0.000335          0.000073
   936.000000                       0.000336          0.000073
   937.000000                       0.000336          0.000073
   938.000000                       0.000337          0.000073
   939.000000                       0.000337          0.000073
   940.000000                       0.000338          0.000073
   941.000000                       0.000338          0.000073
   942.000000                       0.000339          0.000073
   943.000000                       0.000340          0.000073
   944.000000                       0.000340          0.000074
   945.000000                       0.000341          0.000074
   946.000000                       0.000342          0.000074
   947.000000                       0.000343          0.000074
   948.000000                       0.000344          0.000074
   949.000000                       0.000345          0.000075
   950.000000                       0.000346          0.000075
   951.000000                       0.000347          0.000075
   952.000000                       0.000348          0.000075
   953.000000                       0.000350          0.000076
   954.000000                       0.000351          0.000076
   955.000000                       0.000352          0.000076
   956.000000                       0.000354          0.000077
   957.000000                       0.000356          0.000077
   958.000000                       0.000357          0.000077
   959.000000                       0.000359          0.000078
   960.000000                       0.000361          0.000078
   961.000000                       0.000362          0.000078
   962.000000                       0.000364          0.000079
   963.000000                       0.000366          0.000079
   964.000000                       0.000368          0.000080
   965.000000                       0.000370          0.000080
   966.000000                       0.000373          0.000081
   967.000000                       0.000375          0.000081
   968.000000                       0.000377          0.000082
   969.000000                       0.000380          0.000082
   970.000000                       0.000382          0.000083
   971.000000                       0.000385          0.000083
   972.000000                       0.000388          0.000084
   973.000000                       0.000391          0.000085
   974.000000                       0.000394          0.000085
   975.000000                       0.000397          0.000086
   976.000000                       0.000400          0.000087
   977.000000                       0.000404          0.000087
   978.000000                       0.000407          0.000088
   979.000000                       0.000411          0.000089
   980.000000                       0.000414          0.000090
   981.000000                       0.000418          0.000090
   982.000000                       0.000422          0.000091
   983.000000                       0.000426          0.000092
   984.000000                       0.000431          0.000093
   985.000000                       0.000435          0.000094
   986.000000                       0.000440          0.000095
   987.000000                       0.000445          0.000096
   988.000000                       0.000450          0.000097
   989.000000                       0.000455          0.000098
   990.000000                       0.000460          0.000100
   991.000000                       0.000466          0.000101
   992.000000                       0.000471          0.000102
   993.000000                       0.000477          0.000103
   994.000000                       0.000484          0.000105
   995.000000                       0.000490          0.000106
   996.000000                       0.000497          0.000108
   997.000000                       0.000504          0.000109
   998.000000                       0.000511          0.000111
   999.000000                       0.000519          0.000112
  1000.000000                       0.000527          0.000114
  1001.000000                       0.000535          0.000116
  1002.000000                       0.000543          0.000118
  1003.000000                       0.000552          0.000120
  1004.000000                       0.000562          0.000122
  1005.000000                       0.000571          0.000124
  1006.000000                       0.000581          0.000126
  1007.000000                       0.000592          0.000128
  1008.000000                       0.000603          0.000130
  1009.000000                       0.000615          0.000133
  1010.000000                       0.000627          0.000136
  1011.000000                       0.000639          0.000138
  1012.000000                       0.000653          0.000141
  1013.000000                       0.000666          0.000144
  1014.000000                       0.000681          0.000147
  1015.000000                       0.000696          0.000151
  1016.000000                       0.000712          0.000154
  1017.000000                       0.000729          0.000158
  1018.000000                       0.000747          0.000162
  1019.000000                       0.000765          0.000166
  1020.000000                       0.000785          0.000170
  1021.000000                       0.000806          0.000174
  1022.000000                       0.000828          0.000179
  1023.000000                       0.000851          0.000184
  1024.000000                       0.000875          0.000189
  1025.000000                       0.000901          0.000195
  1026.000000                       0.000929          0.000201
  1027.000000                       0.000958          0.000207
  1028.000000                       0.000990          0.000214
  1029.000000                       0.001023          0.000221
  1030.000000                       0.001058          0.000229
  1031.000000                       0.001096          0.000237
  1032.000000                       0.001137          0.000246
  1033.000000                       0.001180          0.000255
  1034.000000                       0.001227          0.000266
  1035.000000                       0.001278          0.000276
  1036.000000                       0.001332          0.000288
  1037.000000                       0.001391          0.000301
  1038.000000                       0.001455          0.000315
  1039.000000                       0.001525          0.000330
  1040.000000                       0.001600          0.000346
  1041.000000                       0.001683          0.000364
  1042.000000                       0.001774          0.000384
  1043.000000                       0.001874          0.000405
  1044.000000                       0.001984          0.000429
  1045.000000                       0.002107          0.000456
  1046.000000                       0.002243          0.000485
  1047.000000                       0.002396          0.000518
  1048.000000                       0.002567          0.000555
  1049.000000                       0.002761          0.000597
  1050.000000                       0.002981          0.000645
  1051.000000                       0.003233          0.000699
  1052.000000                       0.003524          0.000762
  1053.000000                       0.003861          0.000835
  1054.000000                       0.004256          0.000921
  1055.000000                       0.004724          0.001022
  1056.000000                       0.005283          0.001143
  1057.000000                       0.005960          0.001289
  1058.000000                       0.006792          0.001469
  1059.000000                       0.007830          0.001694
  1060.000000                       0.009151          0.001980
  1061.000000                       0.010867          0.002351
  1062.000000                       0.013155          0.002846
  1063.000000                       0.016299          0.003526
  1064.000000                       0.020779          0.004495
  1065.000000                       0.027444          0.005937
  1066.000000                       0.037879          0.008195
  1067.000000                       0.055161          0.011934
  1068.000000                       0.085165          0.018425
  1069.000000                       0.136025          0.029428
  1070.000000                       0.197975          0.042831
  1071.000000                       0.204343          0.044208
  1072.000000                       0.145814          0.031546
  1073.000000                       0.092603          0.020034
  1074.000000                       0.061042          0.013206
  1075.000000                       0.043444          0.009399
  1076.000000                       0.033532          0.007254
  1077.000000                       0.028045          0.006067
  1078.000000                       0.025435          0.005503
  1079.000000                       0.025087          0.005427
  1080.000000                       0.027035          0.005849
  1081.000000                       0.032021          0.006927
  1082.000000                       0.041994          0.009085
  1083.000000                       0.061449          0.013294
  1084.000000                       0.099829          0.021597
  1085.000000                       0.165224          0.035745
  1086.000000                       0.202792          0.043873
  1087.000000                       0.146544          0.031704
  1088.000000                       0.085906          0.018585
  1089.000000                       0.052246          0.011303
  1090.000000                       0.034473          0.007458
  1091.000000                       0.024449          0.005289
  1092.000000                       0.018355          0.003971
  1093.000000                       0.014407          0.003117
  1094.000000                       0.011712          0.002534
  1095.000000                       0.009796          0.002119
  1096.000000                       0.008386          0.001814
  1097.000000                       0.007321          0.001584
  1098.000000                       0.006500          0.001406
  1099.000000                       0.005854          0.001267
  1100.000000                       0.005341          0.001155
  1101.000000                       0.004928          0.001066
  1102.000000                       0.004594          0.000994
  1103.000000                       0.004322          0.000935
  1104.000000                       0.004102          0.000888
  1105.000000                       0.003924          0.000849
  1106.000000                       0.003782          0.000818
  1107.000000                       0.003670          0.000794
  1108.000000                       0.003585          0.000776
  1109.000000                       0.003524          0.000762
  1110.000000                       0.003485          0.000754
  1111.000000                       0.003466          0.000750
  1112.000000                       0.003465          0.000750
  1113.000000                       0.003483          0.000754
  1114.000000                       0.003519          0.000761
  1115.000000                       0.003574          0.000773
  1116.000000                       0.003646          0.000789
  1117.000000                       0.003738          0.000809
  1118.000000                       0.003850          0.000833
  1119.000000                       0.003984          0.000862
  1120.000000                       0.004141          0.000896
  1121.000000                       0.004325          0.000936
  1122.000000                       0.004537          0.000982
  1123.000000                       0.004783          0.001035
  1124.000000                       0.005065          0.001096
  1125.000000                       0.005390          0.001166
  1126.000000                       0.005765          0.001247
  1127.000000                       0.006198          0.001341
  1128.000000                       0.006700          0.001449
  1129.000000                       0.007283          0.001576
  1130.000000                       0.007966          0.001723
  1131.000000                       0.008768          0.001897
  1132.000000                       0.009719          0.002103
  1133.000000                       0.010854          0.002348
  1134.000000                       0.012222          0.002644
  1135.000000                       0.013888          0.003005
  1136.000000                       0.015941          0.003449
  1137.000000                       0.018506          0.004004
  1138.000000                       0.021761          0.004708
  1139.000000                       0.025967          0.005618
  1140.000000                       0.031511          0.006817
  1141.000000                       0.038992          0.008436
  1142.000000                       0.049351          0.010677
  1143.000000                       0.064097          0.013867
  1144.000000                       0.085670          0.018534
  1145.000000                       0.117822          0.025490
  1146.000000                       0.165217          0.035744
  1147.000000                       0.228621          0.049461
  1148.000000                       0.289422          0.062615
  1149.000000                       0.303221          0.065600
  1150.000000                       0.256227          0.055433
  1151.000000                       0.189795          0.041061
  1152.000000                       0.135244          0.029259
  1153.000000                       0.097321          0.021055
  1154.000000                       0.071898          0.015555
  1155.000000                       0.054678          0.011829
  1156.000000                       0.042715          0.009241
  1157.000000                       0.034166          0.007392
  1158.000000                       0.027890          0.006034
  1159.000000                       0.023168          0.005012
  1160.000000                       0.019537          0.004227
  1161.000000                       0.016690          0.003611
  1162.000000                       0.014421          0.003120
  1163.000000                       0.012585          0.002723
  1164.000000                       0.011080          0.002397
  1165.000000                       0.009830          0.002127
  1166.000000                       0.008783          0.001900
  1167.000000                       0.007896          0.001708
  1168.000000                       0.007139          0.001544
  1169.000000                       0.006487          0.001403
  1170.000000                       0.005922          0.001281
  1171.000000                       0.005430          0.001175
  1172.000000                       0.004998          0.001081
  1173.000000                       0.004616          0.000999
  1174.000000                       0.004278          0.000926
  1175.000000                       0.003977          0.000860
  1176.000000                       0.003708          0.000802
  1177.000000                       0.003466          0.000750
  1178.000000                       0.003247          0.000703
  1179.000000                       0.003050          0.000660
  1180.000000                       0.002870          0.000621
  1181.000000                       0.002707          0.000586
  1182.000000                       0.002558          0.000553
  1183.000000                       0.002421          0.000524
  1184.000000                       0.002296          0.000497
  1185.000000                       0.002181          0.000472
  1186.000000                       0.002074          0.000449
  1187.000000                       0.001976          0.000427
  1188.000000                       0.001884          0.000408
  1189.000000                       0.001800          0.000389
  1190.000000                       0.001721          0.000372
  1191.000000                       0.001648          0.000356
  1192.000000                       0.001579          0.000342
  1193.000000                       0.001515          0.000328
  1194.000000                       0.001455          0.000315
  1195.000000                       0.001399          0.000303
  1196.000000                       0.001346          0.000291
  1197.000000                       0.001297          0.000281
