14   
56   

1    
  0.0079061691681468   0.0000000000000000   0.0061231110625764
  -0.5129149700    0.0265253400   -0.0791112400
   0.0910915900   -0.0203191400    0.0358180400
   0.2026642200    0.0711927700    0.0371721400
   0.0399260900   -0.0098887400   -0.0045231300
   0.0077519600    0.0184415400    0.0034898300
  -0.0207347200   -0.0209144100   -0.0042841000
  -0.0109928200    0.0215135600   -0.0015419800
   0.0031267900   -0.0066297900   -0.0014352100
   0.1810131400   -0.0976910700    0.0232706400
  -0.0028381800    0.0224837200   -0.0018897800
   0.0000513200   -0.0019510300   -0.0036469200
   0.0036633200   -0.0030934800   -0.0040185900
   0.0026700400    0.0042728500    0.0005935500
   0.0155222200   -0.0039421400    0.0001067600

1    
 -0.0079061691681468   0.0000000000000000  -0.0061231110625764
   0.5087695800   -0.0312162100    0.0784056400
  -0.0896534400    0.0146529700   -0.0357220800
  -0.2021920300   -0.0710506800   -0.0385819300
  -0.0401768100    0.0171501000    0.0042523200
  -0.0132106800   -0.0203671300   -0.0034771500
   0.0238266400    0.0227917200    0.0040630100
   0.0052602000   -0.0089309500    0.0015202300
   0.0051495000   -0.0036653800    0.0014464000
  -0.1971761500    0.0882640400   -0.0209333500
   0.0016688000   -0.0198174500    0.0021210700
  -0.0045720200    0.0024639100    0.0036508200
  -0.0029905000    0.0017878000    0.0039672700
   0.0028643100    0.0029100600   -0.0005820400
   0.0024325900    0.0050272100   -0.0001302200

1    
  0.0000000000000000   0.0100000000000000   0.0000000000000000
   0.0360008100   -0.6436721900    0.0000000000
   0.0313100300    0.3143301600    0.0000000000
   0.0522351500    0.1393827600    0.0000000000
   0.0119897400   -0.0449735300    0.0000000000
   0.0202631000    0.0376767100    0.0000000000
  -0.0613022700    0.0293692400    0.0000000000
   0.0216749700    0.0352845300    0.0000000000
   0.0047077700    0.0004028700    0.0000000000
  -0.1248809400    0.1188074700    0.0000000000
  -0.0024762500    0.0116413700    0.0000000000
  -0.0061809600    0.0015431400    0.0000000000
  -0.0021824600   -0.0008880200    0.0000000000
   0.0036391500    0.0042510400    0.0000000000
   0.0152021700   -0.0031555600    0.0000000000

1    
  0.0000000000000000  -0.0100000000000000   0.0000000000000000
  -0.0370372700    0.6730172400    0.0000000000
  -0.0305227500   -0.3446706200    0.0000000000
  -0.0555738000   -0.1433629900    0.0000000000
  -0.0130696400    0.0524479400    0.0000000000
  -0.0260021400   -0.0398685600    0.0000000000
   0.0652672200   -0.0279543300    0.0000000000
  -0.0269091600   -0.0226202900    0.0000000000
   0.0036166900   -0.0106588300    0.0000000000
   0.1100181800   -0.1330922400    0.0000000000
   0.0012302200   -0.0092213100    0.0000000000
   0.0016039500   -0.0010046500    0.0000000000
   0.0028744800   -0.0004270300    0.0000000000
   0.0018808200    0.0029164500    0.0000000000
   0.0026232000    0.0044992200    0.0000000000

2    
  0.0079061691681468   0.0000000000000000   0.0061231110625764
   0.0892620100    0.0272530600    0.0357908100
  -0.5219594400   -0.0244373200   -0.0760402400
  -0.0217329900    0.0181457000   -0.0052078300
   0.0087541000   -0.0140727300    0.0038029400
   0.0386482600    0.0110727300   -0.0044881500
   0.2083756100   -0.0898626200    0.0352643000
   0.0009445300    0.0090065400   -0.0042598800
   0.0043257500   -0.0036099400    0.0005763300
  -0.0090451700   -0.0266364700   -0.0024977300
   0.1941034300    0.0863719900    0.0224166700
  -0.0024398400   -0.0002422600    0.0006653200
  -0.0029539100    0.0018998700   -0.0024243900
   0.0050845100    0.0058899600   -0.0041658000
   0.0086331400   -0.0007785000    0.0005676500

2    
 -0.0079061691681468   0.0000000000000000  -0.0061231110625764
  -0.0914878300   -0.0216207300   -0.0357493800
   0.5227578000    0.0292520800    0.0753473300
   0.0146417300   -0.0229143800    0.0049545000
  -0.0095095400    0.0212825100   -0.0038036300
  -0.0435671900   -0.0129565900    0.0042244700
  -0.1980589400    0.0863660000   -0.0367219000
  -0.0066031400    0.0032883400    0.0042042400
   0.0039587700   -0.0066897800   -0.0005566600
  -0.0012133100    0.0119606200    0.0027209500
  -0.2021292100   -0.0888004700   -0.0199807100
  -0.0021576600    0.0007451100   -0.0006529300
   0.0036720600   -0.0032010000    0.0024036300
   0.0005123800    0.0012823500    0.0041776300
   0.0091840700    0.0020059500   -0.0005675600

2    
  0.0000000000000000   0.0100000000000000   0.0000000000000000
  -0.0230842700    0.3446809900    0.0000000000
  -0.0338937200   -0.6553304400    0.0000000000
   0.0562288700    0.0274966300    0.0000000000
  -0.0229190800    0.0449183900    0.0000000000
  -0.0222889900   -0.0549049300    0.0000000000
  -0.0522631200    0.1644608000    0.0000000000
   0.0046560300   -0.0006115400    0.0000000000
   0.0038581400   -0.0052589300    0.0000000000
  -0.0018760100    0.0027454300    0.0000000000
   0.1081424400    0.1155575900    0.0000000000
  -0.0030334900    0.0009766000    0.0000000000
  -0.0251382900    0.0100242700    0.0000000000
   0.0064948000    0.0042392600    0.0000000000
   0.0051167000    0.0010058800    0.0000000000

2    
  0.0000000000000000  -0.0100000000000000   0.0000000000000000
   0.0211363100   -0.3143200500    0.0000000000
   0.0340268100    0.6255384600    0.0000000000
  -0.0625235500   -0.0317270700    0.0000000000
   0.0218852400   -0.0374672800    0.0000000000
   0.0165557500    0.0527346400    0.0000000000
   0.0598436200   -0.1637568300    0.0000000000
  -0.0102483300    0.0127321500    0.0000000000
   0.0044303100   -0.0050545900    0.0000000000
  -0.0084234400   -0.0171371800    0.0000000000
  -0.1129714100   -0.1126036300    0.0000000000
  -0.0015761700   -0.0004571700    0.0000000000
   0.0261840500   -0.0116846300    0.0000000000
  -0.0009432800    0.0029231500    0.0000000000
   0.0126240900    0.0002800400    0.0000000000

3    
  0.0079061691681468   0.0000000000000000   0.0061231110625764
   0.1975648600    0.0439904800    0.0386285200
  -0.0174405300    0.0429924200   -0.0050510200
  -0.5176817000    0.0061713400   -0.0778494600
   0.2052087000   -0.0471274200    0.0354197900
  -0.0222523100   -0.0461325700   -0.0055765900
   0.0414005300    0.0008134000    0.0047148500
   0.0759298300    0.0205990100    0.0412686900
   0.0072823900    0.0151969700   -0.0094474800
   0.0098325800    0.0014566100   -0.0020640400
  -0.0019376500    0.0005150200   -0.0046670100
   0.0127491800   -0.0086357100   -0.0017632300
   0.0013657900   -0.0006903200    0.0005528000
   0.0014136200    0.0049568800   -0.0042385800
   0.0065647100   -0.0341061200   -0.0099272400

3    
 -0.0079061691681468   0.0000000000000000  -0.0061231110625764
  -0.2072985200   -0.0413091600   -0.0371259400
   0.0189263400   -0.0508952900    0.0051129700
   0.5112486700    0.0000902000    0.0779653400
  -0.1988417100    0.0492444500   -0.0369077300
   0.0167205900    0.0439763000    0.0054954800
  -0.0381781600    0.0012943800   -0.0047108100
  -0.0818841900   -0.0090142900   -0.0413835400
   0.0010288000   -0.0253820400    0.0092250600
  -0.0204907700   -0.0163282400    0.0022949700
   0.0007878700    0.0022843900    0.0046131400
  -0.0168873500    0.0090576200    0.0015171200
  -0.0007056300   -0.0005734200   -0.0005531300
   0.0041391700    0.0021930400    0.0042923600
   0.0114348900    0.0353620500    0.0101647100

3    
  0.0000000000000000   0.0100000000000000   0.0000000000000000
   0.0870358500    0.1448111700    0.0000000000
   0.0264747100    0.0256389800    0.0000000000
  -0.0000877800   -0.5850303600    0.0000000000
  -0.0970042300    0.1552980000    0.0000000000
  -0.0269203900    0.0294567100    0.0000000000
   0.0014592900   -0.0001037900    0.0000000000
   0.0443895000    0.1908905900    0.0000000000
   0.0052777900    0.0049792800    0.0000000000
  -0.0188198200   -0.0191653600    0.0000000000
  -0.0008696400    0.0067509700    0.0000000000
   0.0104584400   -0.0104040700    0.0000000000
   0.0003263700   -0.0014791000    0.0000000000
   0.0032762200    0.0087721700    0.0000000000
  -0.0349962900    0.0495848300    0.0000000000

3    
  0.0000000000000000  -0.0100000000000000   0.0000000000000000
  -0.0927947700   -0.1379215800    0.0000000000
  -0.0254657300   -0.0335858200    0.0000000000
  -0.0077825800    0.5672895600    0.0000000000
   0.1004735200   -0.1490984100    0.0000000000
   0.0217823500   -0.0319145700    0.0000000000
   0.0018613600    0.0018378300    0.0000000000
  -0.0491567100   -0.1644368400    0.0000000000
   0.0033260200   -0.0149439300    0.0000000000
   0.0086127300    0.0044028400    0.0000000000
  -0.0003201000   -0.0040036400    0.0000000000
  -0.0150722100    0.0109875200    0.0000000000
   0.0003364200    0.0002237000    0.0000000000
   0.0023118100   -0.0016816400    0.0000000000
   0.0518878900   -0.0471550100    0.0000000000

4    
  0.0079061691681468   0.0000000000000000   0.0061231110625764
   0.0387209000    0.0136788100   -0.0042562100
   0.0098037500   -0.0214781800    0.0038005000
   0.1951181200   -0.0779465600    0.0368566400
  -0.5138818000   -0.0242892300   -0.0776476100
   0.0860847800    0.0217122600    0.0362136700
  -0.0168514000    0.0239440200   -0.0041199300
  -0.0018529300   -0.0073486300    0.0002062000
   0.0034676000   -0.0031786400    0.0006012800
  -0.0028096100   -0.0052544500   -0.0036388800
  -0.0007696200    0.0007306800    0.0005576100
   0.1954045000    0.0874176800    0.0194653400
   0.0037050400    0.0015974900   -0.0042394200
  -0.0001076600   -0.0172583100   -0.0018406400
   0.0039683400    0.0076730400   -0.0019585500

4    
 -0.0079061691681468   0.0000000000000000  -0.0061231110625764
  -0.0413750800   -0.0061335900    0.0045192600
  -0.0084580300    0.0139498800   -0.0038061500
  -0.2089313800    0.0782407300   -0.0354702500
   0.5135584100    0.0193865000    0.0783523100
  -0.0914863600   -0.0218515200   -0.0362432200
   0.0203292600   -0.0220743900    0.0043344700
  -0.0038833300    0.0199427300   -0.0001683300
   0.0048206700   -0.0072087900   -0.0005974200
  -0.0074845500   -0.0095497300    0.0036313600
  -0.0003611700    0.0021021300   -0.0005669500
  -0.1932284300   -0.0816614200   -0.0218355300
  -0.0030519700   -0.0029018000    0.0042883300
   0.0056657500    0.0242896300    0.0016096100
   0.0138862100   -0.0065303500    0.0019525200

4    
  0.0000000000000000   0.0100000000000000   0.0000000000000000
  -0.0180269600   -0.0448300200    0.0000000000
  -0.0215350300    0.0372884500    0.0000000000
  -0.0665330400    0.1504609700    0.0000000000
  -0.0273158100   -0.6283172800    0.0000000000
  -0.0285207800    0.3065866900    0.0000000000
   0.0678018900    0.0263812200    0.0000000000
  -0.0359028300    0.0320195100    0.0000000000
   0.0035083600   -0.0057320400    0.0000000000
  -0.0014073100   -0.0061529500    0.0000000000
  -0.0014165100    0.0022173500    0.0000000000
   0.1080861100    0.1136998300    0.0000000000
   0.0026846900   -0.0011193100    0.0000000000
   0.0053880800    0.0144414000    0.0000000000
   0.0131891200    0.0030561900    0.0000000000

4    
  0.0000000000000000  -0.0100000000000000   0.0000000000000000
   0.0161765000    0.0525887900    0.0000000000
   0.0231851000   -0.0450963000    0.0000000000
   0.0552866600   -0.1539482800    0.0000000000
   0.0279245600    0.6569771600    0.0000000000
   0.0228863200   -0.3308347500    0.0000000000
  -0.0652415100   -0.0249053000    0.0000000000
   0.0298421800   -0.0193056900    0.0000000000
   0.0047473800   -0.0045599600    0.0000000000
  -0.0088345700   -0.0086366100    0.0000000000
   0.0002992300    0.0005957100    0.0000000000
  -0.1090208900   -0.1132975100    0.0000000000
  -0.0020437000   -0.0001864300    0.0000000000
   0.0002471300   -0.0076804300    0.0000000000
   0.0045456100   -0.0017104000    0.0000000000

5    
  0.0079061691681468   0.0000000000000000   0.0061231110625764
   0.0093855900    0.0220323400    0.0034844800
   0.0415126600   -0.0190759300   -0.0042235600
  -0.0228464100   -0.0216429600   -0.0054164800
   0.0883586400   -0.0176008300    0.0361695700
  -0.5273187600    0.0312039800   -0.0746010000
   0.2105038200    0.0861288400    0.0365667700
   0.0013624400    0.0043115400   -0.0050026800
   0.0038240600   -0.0057145500    0.0003512400
  -0.0053019100   -0.0068204500    0.0006688200
   0.0015161500   -0.0009743200   -0.0040011000
  -0.0045254100    0.0213111700   -0.0023801100
  -0.0022230200   -0.0027307100   -0.0024292800
   0.1980855100   -0.0903985700    0.0195154600
   0.0076666500   -0.0000295400    0.0012978700

5    
 -0.0079061691681468   0.0000000000000000  -0.0061231110625764
  -0.0115704400   -0.0145454100   -0.0034820500
  -0.0407036300    0.0116391500    0.0044893900
   0.0161233800    0.0168569700    0.0056541400
  -0.0892097700    0.0230491300   -0.0362875000
   0.5238616900   -0.0208083800    0.0752624700
  -0.2150107700   -0.0896555400   -0.0350350700
  -0.0069855200    0.0079748300    0.0050780700
   0.0044509600   -0.0046026200   -0.0003553300
  -0.0049302800   -0.0079986900   -0.0006805000
  -0.0027077700    0.0037961400    0.0039844600
  -0.0000334600   -0.0206515200    0.0021554200
   0.0028237300    0.0014255900    0.0024630800
  -0.1862209100    0.0922558900   -0.0219224300
   0.0101127900    0.0012644600   -0.0013241300

5    
  0.0000000000000000   0.0100000000000000   0.0000000000000000
   0.0236089400    0.0426623100    0.0000000000
   0.0160294300   -0.0577359400    0.0000000000
  -0.0607712800    0.0285840800    0.0000000000
   0.0274959300    0.3334726300    0.0000000000
   0.0297349000   -0.6475083900    0.0000000000
   0.0556346700    0.1604489900    0.0000000000
  -0.0069954700    0.0007837100    0.0000000000
   0.0046921000   -0.0051480300    0.0000000000
  -0.0045580200   -0.0067833600    0.0000000000
  -0.0043317300    0.0022948900    0.0000000000
  -0.0043922900    0.0099286100    0.0000000000
   0.0264001000    0.0092283800    0.0000000000
  -0.1104404800    0.1256632600    0.0000000000
   0.0078932000    0.0041088600    0.0000000000

5    
  0.0000000000000000  -0.0100000000000000   0.0000000000000000
  -0.0254800600   -0.0348811200    0.0000000000
  -0.0143648000    0.0499008900    0.0000000000
   0.0532072200   -0.0327821300    0.0000000000
  -0.0276191800   -0.3039482600    0.0000000000
  -0.0360400800    0.6236603300    0.0000000000
  -0.0560828000   -0.1592153700    0.0000000000
   0.0013985800    0.0113716100    0.0000000000
   0.0035832400   -0.0051762700    0.0000000000
  -0.0056637500   -0.0080199400    0.0000000000
   0.0031854100    0.0005151400    0.0000000000
  -0.0001102800   -0.0090049500    0.0000000000
  -0.0261172400   -0.0108586800    0.0000000000
   0.1202887800   -0.1187489700    0.0000000000
   0.0098149600   -0.0028122900    0.0000000000

6    
  0.0079061691681468   0.0000000000000000   0.0061231110625764
  -0.0233135300   -0.0461131500   -0.0041524600
   0.2002676300   -0.0455272000    0.0367519900
   0.0363095200   -0.0026699500    0.0047139500
  -0.0190089300    0.0563664100   -0.0042567400
   0.2140533900    0.0458317700    0.0350105300
  -0.4833197200   -0.0094476700   -0.0779853500
   0.0009096000    0.0055515700    0.0006872600
   0.0039262300   -0.0052725900   -0.0002308700
  -0.0061466500   -0.0063928800   -0.0045186700
   0.0129747400   -0.0102290100   -0.0016767800
  -0.0036465800   -0.0006383700   -0.0041640000
   0.0422614600    0.0044243000    0.0217909100
   0.0167126500    0.0144817900   -0.0019416000
   0.0080202100   -0.0003650200   -0.0000281700

6    
 -0.0079061691681468   0.0000000000000000  -0.0061231110625764
   0.0212460100    0.0539551600    0.0041969200
  -0.2061735800    0.0431649000   -0.0352356500
  -0.0432674300   -0.0023523200   -0.0047116100
   0.0181709300   -0.0488149900    0.0042000400
  -0.2114645900   -0.0425512300   -0.0365927900
   0.4857161700   -0.0018967700    0.0780071900
  -0.0065280800    0.0067066700   -0.0006890500
   0.0043476300   -0.0050374600    0.0002288800
  -0.0040993400   -0.0083981800    0.0044452900
  -0.0145216700    0.0131489100    0.0019339900
  -0.0009333700    0.0011762000    0.0042346400
  -0.0415036800   -0.0034744500   -0.0217303500
  -0.0107601400   -0.0072215300    0.0016812100
   0.0097711400    0.0015950800    0.0000312900

6    
  0.0000000000000000   0.0100000000000000   0.0000000000000000
  -0.0288218500    0.0326999700    0.0000000000
  -0.1128775500    0.1605863000    0.0000000000
  -0.0037694200   -0.0032994300    0.0000000000
   0.0288311300    0.0295160200    0.0000000000
   0.1102216800    0.1588437600    0.0000000000
  -0.0025907600   -0.6695758400    0.0000000000
  -0.0041153300    0.0064271800    0.0000000000
   0.0041502800   -0.0053181100    0.0000000000
  -0.0042266700   -0.0025498200    0.0000000000
   0.0137101400   -0.0086582700    0.0000000000
  -0.0026569300    0.0055677900    0.0000000000
   0.0050210900    0.3014839900    0.0000000000
  -0.0125778000   -0.0065487400    0.0000000000
   0.0097020100    0.0008251800    0.0000000000

6    
  0.0000000000000000  -0.0100000000000000   0.0000000000000000
   0.0264497300   -0.0246169900    0.0000000000
   0.1099345700   -0.1676355800    0.0000000000
  -0.0031613600   -0.0013495100    0.0000000000
  -0.0293743400   -0.0217659400    0.0000000000
  -0.1120365800   -0.1608214000    0.0000000000
   0.0069861500    0.6899934000    0.0000000000
  -0.0015071000    0.0057740600    0.0000000000
   0.0041222900   -0.0049947200    0.0000000000
  -0.0060520700   -0.0122057900    0.0000000000
  -0.0147952400    0.0115212200    0.0000000000
  -0.0018920100   -0.0049994000    0.0000000000
  -0.0048322600   -0.3230724800    0.0000000000
   0.0180748100    0.0137666600    0.0000000000
   0.0080833900    0.0004064800    0.0000000000

7    
  0.0079061691681468   0.0000000000000000   0.0061231110625764
  -0.0091778700    0.0229396500   -0.0014653400
   0.0045066600    0.0020771800   -0.0042259800
   0.0755276100    0.0351230300    0.0414131500
   0.0006290100   -0.0223822400    0.0001023700
   0.0013535600   -0.0043218100   -0.0050306600
   0.0053658400   -0.0000309500    0.0006869300
  -0.6064607000    0.1167991000   -0.1027941600
   0.1573584600    0.0569819500    0.0308648000
  -0.0036601600   -0.0066982300    0.0022221600
  -0.0004911100    0.0029264100   -0.0001415000
  -0.0022171700   -0.0025320300    0.0025217000
   0.0004616900   -0.0006388000    0.0008468300
   0.0026908000    0.0023880300   -0.0002997600
   0.3741133600   -0.2026313000    0.0352994700

7    
 -0.0079061691681468   0.0000000000000000  -0.0061231110625764
   0.0070783200   -0.0154654300    0.0015960000
  -0.0030425800   -0.0097092400    0.0042377900
  -0.0822856600   -0.0388150500   -0.0412354000
  -0.0013925600    0.0295963000   -0.0002737500
  -0.0069868400    0.0023134000    0.0050498700
  -0.0020707400    0.0020205900   -0.0006892000
   0.6045132000   -0.1215383000    0.1010922900
  -0.1408578100   -0.0630701100   -0.0327978000
  -0.0066174600   -0.0081699600   -0.0022128500
  -0.0006522300   -0.0001090000    0.0001302500
  -0.0023933300    0.0030623900   -0.0025455800
   0.0001958700   -0.0006278700   -0.0008509400
   0.0028525000    0.0047942600    0.0003148300
  -0.3683406900    0.2157180200   -0.0318155000

7    
  0.0000000000000000   0.0100000000000000   0.0000000000000000
   0.0180449000    0.0324072000    0.0000000000
   0.0042873600   -0.0104112300    0.0000000000
   0.0152865400    0.1680033700    0.0000000000
  -0.0175660100    0.0288241600    0.0000000000
  -0.0050317400   -0.0062697100    0.0000000000
   0.0009270900    0.0013028700    0.0000000000
   0.1541582400   -0.5837165100    0.0000000000
   0.0907504300    0.0922747000    0.0000000000
  -0.0081329400   -0.0079786900    0.0000000000
  -0.0010186200    0.0009366000    0.0000000000
   0.0015350900   -0.0001320400    0.0000000000
   0.0003024100   -0.0005175000    0.0000000000
   0.0032580600    0.0028254200    0.0000000000
  -0.2568008100    0.2824513500    0.0000000000

7    
  0.0000000000000000  -0.0100000000000000   0.0000000000000000
  -0.0204595800   -0.0255014900    0.0000000000
  -0.0029434600    0.0029367000    0.0000000000
  -0.0221819400   -0.1873346400    0.0000000000
   0.0169530200   -0.0225006200    0.0000000000
  -0.0004060600    0.0043227900    0.0000000000
   0.0023860400    0.0006512400    0.0000000000
  -0.1473098500    0.6065621600    0.0000000000
  -0.0813146700   -0.1031970000    0.0000000000
  -0.0021460400   -0.0068051200    0.0000000000
  -0.0001320900    0.0018623100    0.0000000000
  -0.0061177000    0.0006841800    0.0000000000
   0.0003572800   -0.0007552900    0.0000000000
   0.0022931700    0.0043119000    0.0000000000
   0.2610218800   -0.2752371300    0.0000000000

8    
  0.0079061691681468   0.0000000000000000   0.0061231110625764
  -0.0020329500    0.0042596400   -0.0014365300
   0.0009344000   -0.0040339200    0.0005642200
  -0.0002179200   -0.0016412800   -0.0092648700
  -0.0011261700    0.0031661100    0.0005920300
  -0.0031196200   -0.0005714100    0.0003497500
   0.0014360500    0.0010183400   -0.0002289300
   0.1427662500    0.0723946100    0.0325124800
  -0.1775656200   -0.0647995700   -0.0128516500
  -0.0052049000   -0.0078717800   -0.0001465900
  -0.0005686700    0.0015327800    0.0002479100
  -0.0027804500    0.0010522000   -0.0000424000
   0.0002717200   -0.0006358700   -0.0000066700
   0.0027419500    0.0036840800   -0.0000373300
   0.0444659200   -0.0075539500   -0.0102514100

8    
 -0.0079061691681468   0.0000000000000000  -0.0061231110625764
  -0.0000115500    0.0033994400    0.0014457400
   0.0005662700   -0.0035792900   -0.0005686600
  -0.0064731000   -0.0031837100    0.0094066300
   0.0002268100    0.0041451300   -0.0006068400
  -0.0024883000   -0.0014494500   -0.0003569900
   0.0018581800    0.0009953900    0.0002307600
  -0.1554455200   -0.0637024600   -0.0311640500
   0.1927922100    0.0579952000    0.0111100200
  -0.0050330400   -0.0069452900    0.0001481000
  -0.0005675900    0.0012935100   -0.0002482500
  -0.0018300100   -0.0005255600    0.0000495700
   0.0003888300   -0.0006332700    0.0000071000
   0.0027939400    0.0034904200    0.0000370300
  -0.0267771400    0.0086999600    0.0105098300

8    
  0.0000000000000000   0.0100000000000000   0.0000000000000000
  -0.0028916600    0.0093036000    0.0000000000
   0.0026883200   -0.0039041500    0.0000000000
   0.0220211000    0.0073187600    0.0000000000
   0.0020748800    0.0030768500    0.0000000000
  -0.0035063200   -0.0009946200    0.0000000000
   0.0015039500    0.0008512200    0.0000000000
   0.0723458200    0.1041999500    0.0000000000
  -0.0726087600   -0.1018098600    0.0000000000
  -0.0050396900   -0.0075113900    0.0000000000
  -0.0005547800    0.0019820400    0.0000000000
  -0.0036860400    0.0003228700    0.0000000000
   0.0002319800   -0.0006314300    0.0000000000
   0.0027488400    0.0036928900    0.0000000000
  -0.0153276300   -0.0158967200    0.0000000000

8    
  0.0000000000000000  -0.0100000000000000   0.0000000000000000
   0.0008566000   -0.0017583900    0.0000000000
  -0.0012097300   -0.0036984600    0.0000000000
  -0.0293080000   -0.0126068100    0.0000000000
  -0.0030201800    0.0042504500    0.0000000000
  -0.0020983200   -0.0010238000    0.0000000000
   0.0018009900    0.0011747300    0.0000000000
  -0.0794217200   -0.0912854300    0.0000000000
   0.0826393900    0.0912813100    0.0000000000
  -0.0051954400   -0.0072990300    0.0000000000
  -0.0005821600    0.0008334600    0.0000000000
  -0.0008945400    0.0002045500    0.0000000000
   0.0004315300   -0.0006372900    0.0000000000
   0.0027876600    0.0034812000    0.0000000000
   0.0332139200    0.0170835100    0.0000000000

9    
  0.0079061691681468   0.0000000000000000   0.0061231110625764
   0.1907789600   -0.0914844600    0.0211671200
  -0.0032593800   -0.0011720200   -0.0026137500
   0.0118089300   -0.0133391300   -0.0022586100
   0.0018933200    0.0066022100   -0.0036580400
  -0.0029820600   -0.0005704700    0.0006788600
   0.0006280700    0.0017456100   -0.0045125500
  -0.0013494000    0.0037523000    0.0022340500
   0.0040566200   -0.0050944300   -0.0001480500
  -0.2088630300    0.0949296900   -0.0138647600
  -0.0010716700    0.0011547900    0.0024868200
  -0.0015845800   -0.0004000900   -0.0003168600
   0.0002085900   -0.0003961800    0.0000926400
   0.0027670000    0.0035064000    0.0006828200
   0.0069686200    0.0007657800    0.0000303100

9    
 -0.0079061691681468   0.0000000000000000  -0.0061231110625764
  -0.1874176400    0.0942669000   -0.0230465500
   0.0045717000   -0.0063487200    0.0026048400
  -0.0185153700    0.0083523800    0.0020995600
  -0.0027819900    0.0007284500    0.0036127700
  -0.0026114800   -0.0014428700   -0.0006707200
   0.0026751500    0.0003065500    0.0044521100
  -0.0043070100    0.0084867900   -0.0022016400
   0.0042274300   -0.0052175000    0.0001466200
   0.1931513400   -0.1049775300    0.0159284400
  -0.0000512600    0.0016462600   -0.0024453800
  -0.0030014700    0.0009183800    0.0003207700
   0.0004439100   -0.0008692700   -0.0000962100
   0.0027701100    0.0036662800   -0.0006751500
   0.0108465700    0.0004839100   -0.0000294500

9    
  0.0000000000000000   0.0100000000000000   0.0000000000000000
  -0.1164590800    0.1294818700    0.0000000000
  -0.0234690200    0.0060002200    0.0000000000
   0.0076653200   -0.0141959500    0.0000000000
   0.0022430600    0.0048959000    0.0000000000
  -0.0020603400   -0.0004018200    0.0000000000
   0.0029364100    0.0058090200    0.0000000000
  -0.0018508500    0.0055192200    0.0000000000
   0.0035439600   -0.0052572400    0.0000000000
   0.1190682600   -0.1367991100    0.0000000000
  -0.0003452200    0.0003659000    0.0000000000
  -0.0013292600   -0.0000085900    0.0000000000
  -0.0008423200   -0.0001328300    0.0000000000
   0.0026830200    0.0035530300    0.0000000000
   0.0082160600    0.0011703700    0.0000000000

9    
  0.0000000000000000  -0.0100000000000000   0.0000000000000000
   0.1186822800   -0.1224297900    0.0000000000
   0.0253537900   -0.0138806000    0.0000000000
  -0.0148282900    0.0093714500    0.0000000000
  -0.0031924100    0.0024109300    0.0000000000
  -0.0035506900   -0.0016362400    0.0000000000
   0.0003991300   -0.0038489800    0.0000000000
  -0.0037126500    0.0066934500    0.0000000000
   0.0047156500   -0.0050443000    0.0000000000
  -0.1337301600    0.1228297300    0.0000000000
  -0.0007950100    0.0024539800    0.0000000000
  -0.0032696600    0.0005301200    0.0000000000
   0.0015159500   -0.0011498200    0.0000000000
   0.0028519900    0.0036196500    0.0000000000
   0.0095600800    0.0000804000    0.0000000000

10   
  0.0079061691681468   0.0000000000000000   0.0061231110625764
  -0.0033503100    0.0022846100   -0.0020125000
   0.2020138200    0.0860335900    0.0202330600
  -0.0048205600   -0.0026919600   -0.0046735200
  -0.0006611500    0.0029819500    0.0005659300
  -0.0006739400   -0.0039803400   -0.0040186400
   0.0154942200    0.0123189400   -0.0018781000
  -0.0027504400    0.0057597300   -0.0001387200
   0.0041394100   -0.0051445700    0.0002504700
  -0.0056209200   -0.0072200000    0.0024875800
  -0.2134431600   -0.0948011800   -0.0134109300
  -0.0022814100    0.0003262300    0.0006640200
  -0.0003320900   -0.0008062500    0.0021406100
   0.0034887900    0.0041711700   -0.0001096000
   0.0087977300    0.0007680900   -0.0000996700

10   
 -0.0079061691681468   0.0000000000000000  -0.0061231110625764
   0.0011512100    0.0052179900    0.0019982800
  -0.1942289000   -0.0888455400   -0.0221745700
  -0.0020956000   -0.0022562100    0.0046072500
  -0.0002493900    0.0043420800   -0.0005589800
  -0.0048952200    0.0019626200    0.0039675700
  -0.0120028600   -0.0102272700    0.0017316800
  -0.0029085800    0.0064614400    0.0001327700
   0.0041406700   -0.0051655000   -0.0002458100
  -0.0046014500   -0.0075751500   -0.0024447900
   0.2059585200    0.0928937700    0.0155340600
  -0.0023124400    0.0001863900   -0.0006562300
   0.0009851400   -0.0004658300   -0.0021045800
   0.0020548200    0.0029998900    0.0001147000
   0.0090040900    0.0004713100    0.0000986500

10   
  0.0000000000000000   0.0100000000000000   0.0000000000000000
   0.0259326000    0.0143730300    0.0000000000
   0.1131061900    0.1101880600    0.0000000000
  -0.0045554100    0.0029494600    0.0000000000
  -0.0013313100    0.0044860400    0.0000000000
  -0.0058334800   -0.0001034900    0.0000000000
  -0.0132042700   -0.0091372100    0.0000000000
  -0.0008972400    0.0056460800    0.0000000000
   0.0042929100   -0.0045772500    0.0000000000
  -0.0054297800   -0.0084471100    0.0000000000
  -0.1209911100   -0.1182204400    0.0000000000
  -0.0021916700    0.0002200500    0.0000000000
   0.0007561800   -0.0013618300    0.0000000000
   0.0019681300    0.0032275200    0.0000000000
   0.0083782500    0.0007570800    0.0000000000

10   
  0.0000000000000000  -0.0100000000000000   0.0000000000000000
  -0.0275794000   -0.0064894200    0.0000000000
  -0.1083739500   -0.1179867100    0.0000000000
  -0.0023213100   -0.0078043900    0.0000000000
   0.0004037000    0.0028665000    0.0000000000
   0.0002005600   -0.0018821300    0.0000000000
   0.0163649500    0.0110401600    0.0000000000
  -0.0047356500    0.0065720900    0.0000000000
   0.0039881000   -0.0057261700    0.0000000000
  -0.0048092000   -0.0063600200    0.0000000000
   0.1163413500    0.1209515600    0.0000000000
  -0.0024035800    0.0002965800    0.0000000000
  -0.0000465100    0.0000978300    0.0000000000
   0.0035588600    0.0039363000    0.0000000000
   0.0094120500    0.0004878200    0.0000000000

11   
  0.0079061691681468   0.0000000000000000   0.0061231110625764
   0.0012902100    0.0007193400   -0.0036273500
   0.0005996400   -0.0043742100    0.0006554300
   0.0112596600    0.0076089900   -0.0015660000
   0.1907876200    0.0871541300    0.0216133100
  -0.0049563100   -0.0026606900   -0.0022583500
   0.0002919800    0.0007270100   -0.0041712400
  -0.0027152200    0.0091420900    0.0025126100
   0.0036620300   -0.0062603800   -0.0000442900
  -0.0044119200   -0.0066360500   -0.0003200800
  -0.0005517200    0.0014944500    0.0006567200
  -0.2063235100   -0.0898744000   -0.0152551600
   0.0003209200   -0.0008080100    0.0000132000
   0.0022222500    0.0037778800    0.0022734400
   0.0085243500   -0.0000101400   -0.0004822300

11   
 -0.0079061691681468   0.0000000000000000  -0.0061231110625764
  -0.0033314000    0.0068761100    0.0036711900
   0.0008828800   -0.0032214200   -0.0006630400
  -0.0183772800   -0.0125806500    0.0017133100
  -0.1978530700   -0.0845550900   -0.0196979200
  -0.0004636600    0.0007260700    0.0022768000
   0.0030060500    0.0013293600    0.0042279300
  -0.0028924700    0.0030925100   -0.0025553500
   0.0046121900   -0.0040534800    0.0000477200
  -0.0058269300   -0.0081699500    0.0003175300
  -0.0005814400    0.0013272700   -0.0006635300
   0.2079128200    0.0950615700    0.0131570600
   0.0003526900   -0.0004585700   -0.0000098800
   0.0033031600    0.0033780900   -0.0023134600
   0.0092564400    0.0012481800    0.0004916400

11   
  0.0000000000000000   0.0100000000000000   0.0000000000000000
  -0.0037835400    0.0050655600    0.0000000000
   0.0001225300   -0.0030969200    0.0000000000
  -0.0145394000   -0.0131103700    0.0000000000
   0.1047704100    0.1172300800    0.0000000000
   0.0235597300    0.0083169400    0.0000000000
   0.0004781000    0.0062628000    0.0000000000
  -0.0064306700    0.0057223600    0.0000000000
   0.0051521700   -0.0051030400    0.0000000000
  -0.0059481200   -0.0076688300    0.0000000000
  -0.0004776200    0.0013723100    0.0000000000
  -0.1174453100   -0.1176250400    0.0000000000
   0.0016558500   -0.0000956600    0.0000000000
   0.0024708200    0.0025835900    0.0000000000
   0.0104150400    0.0001462200    0.0000000000

11   
  0.0000000000000000  -0.0100000000000000   0.0000000000000000
   0.0018032400    0.0025160400    0.0000000000
   0.0013723500   -0.0045297600    0.0000000000
   0.0078394900    0.0082789100    0.0000000000
  -0.1089979700   -0.1097796600    0.0000000000
  -0.0295218000   -0.0106155000    0.0000000000
   0.0027723100   -0.0043009300    0.0000000000
   0.0006469000    0.0065347700    0.0000000000
   0.0031582000   -0.0052217200    0.0000000000
  -0.0042797600   -0.0071307900    0.0000000000
  -0.0006555100    0.0014489900    0.0000000000
   0.1163888700    0.1183053000    0.0000000000
  -0.0010007600   -0.0011862400    0.0000000000
   0.0030693300    0.0045865300    0.0000000000
   0.0074051000    0.0010940400    0.0000000000

12   
  0.0079061691681468   0.0000000000000000   0.0061231110625764
   0.0023185700    0.0018084900   -0.0039950300
  -0.0026121100   -0.0240072700   -0.0023444600
  -0.0024253400   -0.0024556400    0.0005529100
   0.0029204100    0.0055441600   -0.0042627300
  -0.0052787800    0.0198376200   -0.0025158100
   0.0434855800    0.0036181700    0.0217378000
  -0.0026836800    0.0060827700    0.0008490000
   0.0040807200   -0.0052316800   -0.0000068700
  -0.0052369300   -0.0083364400    0.0000890100
  -0.0012296900    0.0017368800    0.0021231600
  -0.0023102300    0.0013088700    0.0000168600
  -0.0418050000   -0.0038062300   -0.0142906800
   0.0020971800    0.0032873500    0.0022565100
   0.0086793100    0.0006129700   -0.0002096800

12   
 -0.0079061691681468   0.0000000000000000  -0.0061231110625764
  -0.0043343800    0.0058099900    0.0039904700
   0.0040135000    0.0165655000    0.0024829400
  -0.0044958800   -0.0024470500   -0.0005530400
  -0.0038339100    0.0018065400    0.0042645300
  -0.0002310200   -0.0216847700    0.0023757700
  -0.0402839700   -0.0041619000   -0.0217826600
  -0.0029491900    0.0061267400   -0.0008488300
   0.0041980600   -0.0050738900    0.0000069500
  -0.0050020500   -0.0064708800   -0.0000998900
   0.0000868500    0.0011014400   -0.0021214200
  -0.0022778100   -0.0007908100   -0.0000061000
   0.0425564300    0.0046810500    0.0143381400
   0.0034482200    0.0039017500   -0.0022566800
   0.0091051500    0.0006363000    0.0002098200

12   
  0.0000000000000000   0.0100000000000000   0.0000000000000000
  -0.0040826500    0.0035791400    0.0000000000
   0.0039807200    0.0069807800    0.0000000000
  -0.0035381300   -0.0033055700    0.0000000000
   0.0023758500    0.0032088900    0.0000000000
  -0.0054460700    0.0089467200    0.0000000000
   0.0068774700    0.3229171700    0.0000000000
  -0.0028238700    0.0062262600    0.0000000000
   0.0041394200   -0.0051497900    0.0000000000
  -0.0048212300   -0.0069013300    0.0000000000
  -0.0007831400    0.0006789200    0.0000000000
  -0.0025167600    0.0007968500    0.0000000000
  -0.0052646500   -0.3415769100    0.0000000000
   0.0029843800    0.0028549500    0.0000000000
   0.0089186500    0.0007439300    0.0000000000

12   
  0.0000000000000000  -0.0100000000000000   0.0000000000000000
   0.0020958600    0.0040403400    0.0000000000
  -0.0024649000   -0.0147230700    0.0000000000
  -0.0033890700   -0.0016069500    0.0000000000
  -0.0033216500    0.0041400600    0.0000000000
  -0.0001945900   -0.0111341600    0.0000000000
  -0.0031242400   -0.3016330800    0.0000000000
  -0.0028096700    0.0059879800    0.0000000000
   0.0041407500   -0.0051563100    0.0000000000
  -0.0054177000   -0.0079196200    0.0000000000
  -0.0003511400    0.0021376100    0.0000000000
  -0.0020742900   -0.0002934400    0.0000000000
   0.0054880700    0.3213448200    0.0000000000
   0.0025529200    0.0043156000    0.0000000000
   0.0088696400    0.0005002000    0.0000000000

13   
  0.0079061691681468   0.0000000000000000   0.0061231110625764
  -0.0011119900    0.0044951800    0.0005841700
   0.0030097700   -0.0008628000   -0.0041460400
  -0.0048294300   -0.0020906100   -0.0042359400
  -0.0032510200    0.0056517300   -0.0017230900
   0.1864803300   -0.0898276700    0.0216821600
   0.0152899100   -0.0110737800   -0.0017360800
  -0.0028892800    0.0064932800   -0.0003021500
   0.0041142400   -0.0051686800   -0.0000372800
  -0.0051177800   -0.0074733300    0.0006753800
   0.0001475400    0.0007804100   -0.0001149000
  -0.0028423600    0.0000301200    0.0022738100
  -0.0003387100   -0.0004667600    0.0022384400
  -0.1976334400    0.0989859200   -0.0153579100
   0.0089722300    0.0005269900    0.0001994200

13   
 -0.0079061691681468   0.0000000000000000  -0.0061231110625764
  -0.0009143200    0.0031047300   -0.0005914900
  -0.0015623700   -0.0067412800    0.0041981800
  -0.0021022700   -0.0028539400    0.0042954000
   0.0025191400    0.0015852100    0.0017268400
  -0.1978340100    0.0926375800   -0.0197655900
  -0.0121878800    0.0131649900    0.0018857500
  -0.0027308000    0.0057314100    0.0003123000
   0.0041631000   -0.0051383600    0.0000371200
  -0.0051159400   -0.0073382500   -0.0006826200
  -0.0012882900    0.0020378700    0.0001094300
  -0.0017619600    0.0005027400   -0.0023129600
   0.0010114100   -0.0008064900   -0.0022753000
   0.2089878600   -0.0965998900    0.0132669000
   0.0088163400    0.0007136700   -0.0002039400

13   
  0.0000000000000000   0.0100000000000000   0.0000000000000000
  -0.0001422500    0.0044799100    0.0000000000
   0.0036731800   -0.0031268600    0.0000000000
  -0.0017353300    0.0028010000    0.0000000000
  -0.0269144100    0.0148753000    0.0000000000
  -0.1201972600    0.1212963300    0.0000000000
   0.0154549300   -0.0092180300    0.0000000000
  -0.0043412600    0.0053664800    0.0000000000
   0.0042626800   -0.0050459000    0.0000000000
  -0.0052178100   -0.0074376300    0.0000000000
   0.0001779600    0.0010507300    0.0000000000
  -0.0020410600   -0.0007440800    0.0000000000
  -0.0000816300   -0.0013609800    0.0000000000
   0.1284705500   -0.1246119400    0.0000000000
   0.0086317200    0.0016756800    0.0000000000

13   
  0.0000000000000000  -0.0100000000000000   0.0000000000000000
  -0.0018648900    0.0031445300    0.0000000000
  -0.0021541200   -0.0044431800    0.0000000000
  -0.0052313600   -0.0076535500    0.0000000000
   0.0256401000   -0.0072474600    0.0000000000
   0.1107580600   -0.1231271700    0.0000000000
  -0.0119961300    0.0110974200    0.0000000000
  -0.0012983400    0.0068544400    0.0000000000
   0.0040155200   -0.0052576500    0.0000000000
  -0.0050154400   -0.0073709700    0.0000000000
  -0.0013024800    0.0017598700    0.0000000000
  -0.0025474500    0.0012589700    0.0000000000
   0.0006970700    0.0000987000    0.0000000000
  -0.1188530200    0.1313065000    0.0000000000
   0.0091524900   -0.0004204600    0.0000000000

14   
  0.0079061691681468   0.0000000000000000   0.0061231110625764
   0.0055191200    0.0087212400    0.0001284100
   0.0004557400   -0.0067681100    0.0005702700
  -0.0060790400   -0.0367868700   -0.0101440500
  -0.0053753700    0.0070861400   -0.0019532200
  -0.0040234300   -0.0017516400    0.0013179200
   0.0007709800    0.0016413900   -0.0000325500
   0.3746217300   -0.2046493400    0.0317497200
   0.0401540400   -0.0245102100   -0.0106240800
  -0.0070566100   -0.0079387500    0.0000280300
  -0.0006717500    0.0010001700   -0.0001003100
  -0.0026645800    0.0014529900   -0.0004933000
   0.0001173400   -0.0006151900   -0.0002108600
   0.0028494000    0.0033840600    0.0002009500
  -0.3986175800    0.2597341200   -0.0104369300

14   
 -0.0079061691681468   0.0000000000000000  -0.0061231110625764
  -0.0075783400   -0.0012230300   -0.0001070200
   0.0010009400   -0.0008335600   -0.0005635000
  -0.0012140400    0.0319004500    0.0099481200
   0.0045321300    0.0002543400    0.0019597700
  -0.0015842400   -0.0002309900   -0.0013025300
   0.0025159200    0.0003632900    0.0000281500
  -0.3678488400    0.2047821600   -0.0353632600
  -0.0310920400    0.0138728700    0.0101415600
  -0.0031860600   -0.0068756500   -0.0000304400
  -0.0004671100    0.0018167300    0.0000995100
  -0.0019401400   -0.0009245500    0.0004820400
   0.0005428600   -0.0006560000    0.0002100100
   0.0026866700    0.0037951500   -0.0002008900
   0.4036322700   -0.2460412100    0.0146984900

14   
  0.0000000000000000   0.0100000000000000   0.0000000000000000
  -0.0066900300   -0.0000579000    0.0000000000
  -0.0010106400   -0.0034226700    0.0000000000
  -0.0468745600    0.0455036700    0.0000000000
   0.0085261100    0.0059709900    0.0000000000
  -0.0036005300    0.0024456700    0.0000000000
   0.0004147000    0.0012111800    0.0000000000
  -0.2605524400    0.2819769600    0.0000000000
  -0.0062316000   -0.0214093600    0.0000000000
  -0.0049437700   -0.0068921600    0.0000000000
  -0.0003784700    0.0015482200    0.0000000000
  -0.0030899800   -0.0002156000    0.0000000000
   0.0003190900   -0.0005107600    0.0000000000
   0.0026510700    0.0046283800    0.0000000000
   0.3214610400   -0.3107766000    0.0000000000

14   
  0.0000000000000000  -0.0100000000000000   0.0000000000000000
   0.0046594500    0.0075965400    0.0000000000
   0.0025164700   -0.0041490300    0.0000000000
   0.0410025800   -0.0512356600    0.0000000000
  -0.0094383000    0.0012033300    0.0000000000
  -0.0019645000   -0.0044734100    0.0000000000
   0.0028944200    0.0007926600    0.0000000000
   0.2685414300   -0.2757182000    0.0000000000
   0.0143235100    0.0115733300    0.0000000000
  -0.0052974800   -0.0079817200    0.0000000000
  -0.0007569900    0.0012822900    0.0000000000
  -0.0014966900    0.0007340600    0.0000000000
   0.0003435300   -0.0007528200    0.0000000000
   0.0028898100    0.0025348000    0.0000000000
  -0.3182172500    0.3185938300    0.0000000000
