v [cm$^{-1}$]    I(v) [$e^{2}$ amu$^{-1}$]    I_Norm(v) [AU]
   -48.000000                     0.000006          0.000011
   -47.000000                     0.000006          0.000011
   -46.000000                     0.000006          0.000011
   -45.000000                     0.000006          0.000011
   -44.000000                     0.000006          0.000011
   -43.000000                     0.000006          0.000011
   -42.000000                     0.000006          0.000011
   -41.000000                     0.000006          0.000011
   -40.000000                     0.000006          0.000011
   -39.000000                     0.000006          0.000011
   -38.000000                     0.000006          0.000011
   -37.000000                     0.000006          0.000011
   -36.000000                     0.000006          0.000011
   -35.000000                     0.000006          0.000011
   -34.000000                     0.000006          0.000011
   -33.000000                     0.000006          0.000011
   -32.000000                     0.000006          0.000011
   -31.000000                     0.000006          0.000011
   -30.000000                     0.000006          0.000011
   -29.000000                     0.000006          0.000011
   -28.000000                     0.000006          0.000011
   -27.000000                     0.000006          0.000011
   -26.000000                     0.000006          0.000012
   -25.000000                     0.000006          0.000012
   -24.000000                     0.000006          0.000012
   -23.000000                     0.000006          0.000012
   -22.000000                     0.000006          0.000012
   -21.000000                     0.000006          0.000012
   -20.000000                     0.000006          0.000012
   -19.000000                     0.000006          0.000012
   -18.000000                     0.000006          0.000012
   -17.000000                     0.000006          0.000012
   -16.000000                     0.000006          0.000012
   -15.000000                     0.000006          0.000012
   -14.000000                     0.000006          0.000012
   -13.000000                     0.000006          0.000012
   -12.000000                     0.000006          0.000012
   -11.000000                     0.000006          0.000012
   -10.000000                     0.000006          0.000012
    -9.000000                     0.000006          0.000012
    -8.000000                     0.000006          0.000012
    -7.000000                     0.000006          0.000012
    -6.000000                     0.000006          0.000012
    -5.000000                     0.000006          0.000012
    -4.000000                     0.000006          0.000012
    -3.000000                     0.000007          0.000012
    -2.000000                     0.000007          0.000012
    -1.000000                     0.000007          0.000012
     0.000000                     0.000007          0.000012
     1.000000                     0.000007          0.000013
     2.000000                     0.000007          0.000013
     3.000000                     0.000007          0.000013
     4.000000                     0.000007          0.000013
     5.000000                     0.000007          0.000013
     6.000000                     0.000007          0.000013
     7.000000                     0.000007          0.000013
     8.000000                     0.000007          0.000013
     9.000000                     0.000007          0.000013
    10.000000                     0.000007          0.000013
    11.000000                     0.000007          0.000013
    12.000000                     0.000007          0.000013
    13.000000                     0.000007          0.000013
    14.000000                     0.000007          0.000013
    15.000000                     0.000007          0.000013
    16.000000                     0.000007          0.000013
    17.000000                     0.000007          0.000013
    18.000000                     0.000007          0.000013
    19.000000                     0.000007          0.000013
    20.000000                     0.000007          0.000013
    21.000000                     0.000007          0.000013
    22.000000                     0.000007          0.000013
    23.000000                     0.000007          0.000014
    24.000000                     0.000007          0.000014
    25.000000                     0.000007          0.000014
    26.000000                     0.000007          0.000014
    27.000000                     0.000007          0.000014
    28.000000                     0.000007          0.000014
    29.000000                     0.000007          0.000014
    30.000000                     0.000007          0.000014
    31.000000                     0.000007          0.000014
    32.000000                     0.000007          0.000014
    33.000000                     0.000007          0.000014
    34.000000                     0.000007          0.000014
    35.000000                     0.000007          0.000014
    36.000000                     0.000007          0.000014
    37.000000                     0.000007          0.000014
    38.000000                     0.000007          0.000014
    39.000000                     0.000008          0.000014
    40.000000                     0.000008          0.000014
    41.000000                     0.000008          0.000014
    42.000000                     0.000008          0.000014
    43.000000                     0.000008          0.000015
    44.000000                     0.000008          0.000015
    45.000000                     0.000008          0.000015
    46.000000                     0.000008          0.000015
    47.000000                     0.000008          0.000015
    48.000000                     0.000008          0.000015
    49.000000                     0.000008          0.000015
    50.000000                     0.000008          0.000015
    51.000000                     0.000008          0.000015
    52.000000                     0.000008          0.000015
    53.000000                     0.000008          0.000015
    54.000000                     0.000008          0.000015
    55.000000                     0.000008          0.000015
    56.000000                     0.000008          0.000015
    57.000000                     0.000008          0.000015
    58.000000                     0.000008          0.000015
    59.000000                     0.000008          0.000015
    60.000000                     0.000008          0.000016
    61.000000                     0.000008          0.000016
    62.000000                     0.000008          0.000016
    63.000000                     0.000008          0.000016
    64.000000                     0.000008          0.000016
    65.000000                     0.000008          0.000016
    66.000000                     0.000008          0.000016
    67.000000                     0.000008          0.000016
    68.000000                     0.000008          0.000016
    69.000000                     0.000008          0.000016
    70.000000                     0.000008          0.000016
    71.000000                     0.000009          0.000016
    72.000000                     0.000009          0.000016
    73.000000                     0.000009          0.000016
    74.000000                     0.000009          0.000016
    75.000000                     0.000009          0.000017
    76.000000                     0.000009          0.000017
    77.000000                     0.000009          0.000017
    78.000000                     0.000009          0.000017
    79.000000                     0.000009          0.000017
    80.000000                     0.000009          0.000017
    81.000000                     0.000009          0.000017
    82.000000                     0.000009          0.000017
    83.000000                     0.000009          0.000017
    84.000000                     0.000009          0.000017
    85.000000                     0.000009          0.000017
    86.000000                     0.000009          0.000017
    87.000000                     0.000009          0.000017
    88.000000                     0.000009          0.000018
    89.000000                     0.000009          0.000018
    90.000000                     0.000009          0.000018
    91.000000                     0.000009          0.000018
    92.000000                     0.000009          0.000018
    93.000000                     0.000009          0.000018
    94.000000                     0.000009          0.000018
    95.000000                     0.000010          0.000018
    96.000000                     0.000010          0.000018
    97.000000                     0.000010          0.000018
    98.000000                     0.000010          0.000018
    99.000000                     0.000010          0.000019
   100.000000                     0.000010          0.000019
   101.000000                     0.000010          0.000019
   102.000000                     0.000010          0.000019
   103.000000                     0.000010          0.000019
   104.000000                     0.000010          0.000019
   105.000000                     0.000010          0.000019
   106.000000                     0.000010          0.000019
   107.000000                     0.000010          0.000019
   108.000000                     0.000010          0.000020
   109.000000                     0.000010          0.000020
   110.000000                     0.000010          0.000020
   111.000000                     0.000011          0.000020
   112.000000                     0.000011          0.000020
   113.000000                     0.000011          0.000021
   114.000000                     0.000011          0.000021
   115.000000                     0.000011          0.000021
   116.000000                     0.000011          0.000022
   117.000000                     0.000012          0.000022
   118.000000                     0.000012          0.000023
   119.000000                     0.000012          0.000023
   120.000000                     0.000013          0.000024
   121.000000                     0.000013          0.000026
   122.000000                     0.000015          0.000028
   123.000000                     0.000016          0.000031
   124.000000                     0.000020          0.000038
   125.000000                     0.000027          0.000051
   126.000000                     0.000044          0.000084
   127.000000                     0.000075          0.000142
   128.000000                     0.000067          0.000127
   129.000000                     0.000038          0.000073
   130.000000                     0.000025          0.000047
   131.000000                     0.000019          0.000037
   132.000000                     0.000016          0.000031
   133.000000                     0.000015          0.000028
   134.000000                     0.000014          0.000027
   135.000000                     0.000013          0.000026
   136.000000                     0.000013          0.000025
   137.000000                     0.000013          0.000025
   138.000000                     0.000013          0.000024
   139.000000                     0.000013          0.000024
   140.000000                     0.000013          0.000024
   141.000000                     0.000013          0.000024
   142.000000                     0.000013          0.000024
   143.000000                     0.000013          0.000024
   144.000000                     0.000013          0.000024
   145.000000                     0.000013          0.000024
   146.000000                     0.000013          0.000024
   147.000000                     0.000013          0.000024
   148.000000                     0.000013          0.000024
   149.000000                     0.000013          0.000024
   150.000000                     0.000013          0.000024
   151.000000                     0.000013          0.000024
   152.000000                     0.000013          0.000025
   153.000000                     0.000013          0.000025
   154.000000                     0.000013          0.000025
   155.000000                     0.000013          0.000025
   156.000000                     0.000013          0.000025
   157.000000                     0.000013          0.000025
   158.000000                     0.000013          0.000025
   159.000000                     0.000013          0.000026
   160.000000                     0.000013          0.000026
   161.000000                     0.000014          0.000026
   162.000000                     0.000014          0.000026
   163.000000                     0.000014          0.000026
   164.000000                     0.000014          0.000026
   165.000000                     0.000014          0.000026
   166.000000                     0.000014          0.000027
   167.000000                     0.000014          0.000027
   168.000000                     0.000014          0.000027
   169.000000                     0.000014          0.000027
   170.000000                     0.000014          0.000027
   171.000000                     0.000015          0.000028
   172.000000                     0.000015          0.000028
   173.000000                     0.000015          0.000028
   174.000000                     0.000015          0.000028
   175.000000                     0.000015          0.000028
   176.000000                     0.000015          0.000029
   177.000000                     0.000015          0.000029
   178.000000                     0.000015          0.000029
   179.000000                     0.000015          0.000029
   180.000000                     0.000016          0.000029
   181.000000                     0.000016          0.000030
   182.000000                     0.000016          0.000030
   183.000000                     0.000016          0.000030
   184.000000                     0.000016          0.000030
   185.000000                     0.000016          0.000031
   186.000000                     0.000016          0.000031
   187.000000                     0.000016          0.000031
   188.000000                     0.000017          0.000032
   189.000000                     0.000017          0.000032
   190.000000                     0.000017          0.000032
   191.000000                     0.000017          0.000032
   192.000000                     0.000017          0.000033
   193.000000                     0.000017          0.000033
   194.000000                     0.000018          0.000033
   195.000000                     0.000018          0.000034
   196.000000                     0.000018          0.000034
   197.000000                     0.000018          0.000034
   198.000000                     0.000018          0.000035
   199.000000                     0.000018          0.000035
   200.000000                     0.000019          0.000035
   201.000000                     0.000019          0.000036
   202.000000                     0.000019          0.000036
   203.000000                     0.000019          0.000037
   204.000000                     0.000019          0.000037
   205.000000                     0.000020          0.000037
   206.000000                     0.000020          0.000038
   207.000000                     0.000020          0.000038
   208.000000                     0.000020          0.000039
   209.000000                     0.000021          0.000039
   210.000000                     0.000021          0.000040
   211.000000                     0.000021          0.000041
   212.000000                     0.000022          0.000041
   213.000000                     0.000022          0.000042
   214.000000                     0.000022          0.000042
   215.000000                     0.000023          0.000043
   216.000000                     0.000023          0.000044
   217.000000                     0.000023          0.000044
   218.000000                     0.000024          0.000045
   219.000000                     0.000024          0.000046
   220.000000                     0.000025          0.000047
   221.000000                     0.000025          0.000048
   222.000000                     0.000026          0.000049
   223.000000                     0.000026          0.000050
   224.000000                     0.000027          0.000051
   225.000000                     0.000027          0.000052
   226.000000                     0.000028          0.000054
   227.000000                     0.000029          0.000055
   228.000000                     0.000030          0.000057
   229.000000                     0.000031          0.000058
   230.000000                     0.000032          0.000060
   231.000000                     0.000033          0.000062
   232.000000                     0.000034          0.000065
   233.000000                     0.000035          0.000067
   234.000000                     0.000037          0.000070
   235.000000                     0.000039          0.000073
   236.000000                     0.000041          0.000077
   237.000000                     0.000043          0.000081
   238.000000                     0.000045          0.000086
   239.000000                     0.000049          0.000092
   240.000000                     0.000052          0.000100
   241.000000                     0.000057          0.000108
   242.000000                     0.000062          0.000119
   243.000000                     0.000069          0.000132
   244.000000                     0.000078          0.000148
   245.000000                     0.000089          0.000170
   246.000000                     0.000104          0.000198
   247.000000                     0.000125          0.000238
   248.000000                     0.000155          0.000295
   249.000000                     0.000200          0.000381
   250.000000                     0.000273          0.000520
   251.000000                     0.000403          0.000766
   252.000000                     0.000661          0.001257
   253.000000                     0.001280          0.002435
   254.000000                     0.003145          0.005981
   255.000000                     0.006889          0.013103
   256.000000                     0.003694          0.007026
   257.000000                     0.001453          0.002764
   258.000000                     0.000727          0.001382
   259.000000                     0.000435          0.000827
   260.000000                     0.000293          0.000556
   261.000000                     0.000214          0.000407
   262.000000                     0.000166          0.000315
   263.000000                     0.000135          0.000256
   264.000000                     0.000113          0.000216
   265.000000                     0.000098          0.000187
   266.000000                     0.000087          0.000166
   267.000000                     0.000079          0.000150
   268.000000                     0.000072          0.000138
   269.000000                     0.000068          0.000128
   270.000000                     0.000064          0.000121
   271.000000                     0.000061          0.000115
   272.000000                     0.000058          0.000111
   273.000000                     0.000056          0.000107
   274.000000                     0.000055          0.000104
   275.000000                     0.000054          0.000102
   276.000000                     0.000053          0.000100
   277.000000                     0.000052          0.000099
   278.000000                     0.000051          0.000098
   279.000000                     0.000051          0.000097
   280.000000                     0.000051          0.000097
   281.000000                     0.000051          0.000097
   282.000000                     0.000051          0.000097
   283.000000                     0.000051          0.000097
   284.000000                     0.000051          0.000098
   285.000000                     0.000052          0.000098
   286.000000                     0.000052          0.000099
   287.000000                     0.000053          0.000100
   288.000000                     0.000053          0.000101
   289.000000                     0.000054          0.000103
   290.000000                     0.000055          0.000104
   291.000000                     0.000056          0.000106
   292.000000                     0.000056          0.000107
   293.000000                     0.000057          0.000109
   294.000000                     0.000059          0.000111
   295.000000                     0.000060          0.000114
   296.000000                     0.000061          0.000116
   297.000000                     0.000062          0.000119
   298.000000                     0.000064          0.000121
   299.000000                     0.000065          0.000124
   300.000000                     0.000067          0.000127
   301.000000                     0.000069          0.000131
   302.000000                     0.000071          0.000134
   303.000000                     0.000073          0.000138
   304.000000                     0.000075          0.000142
   305.000000                     0.000077          0.000147
   306.000000                     0.000080          0.000152
   307.000000                     0.000083          0.000157
   308.000000                     0.000086          0.000163
   309.000000                     0.000089          0.000169
   310.000000                     0.000092          0.000176
   311.000000                     0.000096          0.000183
   312.000000                     0.000100          0.000191
   313.000000                     0.000105          0.000200
   314.000000                     0.000110          0.000209
   315.000000                     0.000115          0.000220
   316.000000                     0.000122          0.000231
   317.000000                     0.000128          0.000244
   318.000000                     0.000136          0.000259
   319.000000                     0.000145          0.000275
   320.000000                     0.000154          0.000294
   321.000000                     0.000165          0.000315
   322.000000                     0.000178          0.000339
   323.000000                     0.000193          0.000367
   324.000000                     0.000210          0.000399
   325.000000                     0.000230          0.000437
   326.000000                     0.000253          0.000482
   327.000000                     0.000282          0.000536
   328.000000                     0.000317          0.000602
   329.000000                     0.000360          0.000684
   330.000000                     0.000414          0.000787
   331.000000                     0.000484          0.000920
   332.000000                     0.000576          0.001096
   333.000000                     0.000702          0.001334
   334.000000                     0.000879          0.001671
   335.000000                     0.001141          0.002170
   336.000000                     0.001553          0.002954
   337.000000                     0.002256          0.004292
   338.000000                     0.003602          0.006850
   339.000000                     0.006667          0.012679
   340.000000                     0.015946          0.030328
   341.000000                     0.056566          0.107584
   342.000000                     0.062586          0.119033
   343.000000                     0.017357          0.033012
   344.000000                     0.007079          0.013464
   345.000000                     0.003787          0.007203
   346.000000                     0.002373          0.004513
   347.000000                     0.001647          0.003133
   348.000000                     0.001229          0.002338
   349.000000                     0.000970          0.001844
   350.000000                     0.000800          0.001521
   351.000000                     0.000684          0.001301
   352.000000                     0.000604          0.001150
   353.000000                     0.000549          0.001045
   354.000000                     0.000512          0.000974
   355.000000                     0.000489          0.000930
   356.000000                     0.000477          0.000907
   357.000000                     0.000475          0.000903
   358.000000                     0.000482          0.000917
   359.000000                     0.000499          0.000949
   360.000000                     0.000527          0.001002
   361.000000                     0.000566          0.001077
   362.000000                     0.000621          0.001182
   363.000000                     0.000696          0.001324
   364.000000                     0.000798          0.001517
   365.000000                     0.000938          0.001783
   366.000000                     0.001134          0.002158
   367.000000                     0.001421          0.002702
   368.000000                     0.001856          0.003530
   369.000000                     0.002563          0.004874
   370.000000                     0.003812          0.007250
   371.000000                     0.006323          0.012026
   372.000000                     0.012466          0.023709
   373.000000                     0.032885          0.062544
   374.000000                     0.101203          0.192479
   375.000000                     0.052317          0.099502
   376.000000                     0.017272          0.032850
   377.000000                     0.007978          0.015174
   378.000000                     0.004547          0.008649
   379.000000                     0.002946          0.005603
   380.000000                     0.002078          0.003952
   381.000000                     0.001557          0.002962
   382.000000                     0.001222          0.002323
   383.000000                     0.000993          0.001889
   384.000000                     0.000831          0.001581
   385.000000                     0.000713          0.001356
   386.000000                     0.000624          0.001187
   387.000000                     0.000556          0.001058
   388.000000                     0.000504          0.000958
   389.000000                     0.000462          0.000879
   390.000000                     0.000430          0.000817
   391.000000                     0.000404          0.000768
   392.000000                     0.000383          0.000729
   393.000000                     0.000367          0.000699
   394.000000                     0.000355          0.000675
   395.000000                     0.000346          0.000658
   396.000000                     0.000340          0.000646
   397.000000                     0.000336          0.000639
   398.000000                     0.000334          0.000635
   399.000000                     0.000334          0.000636
   400.000000                     0.000336          0.000640
   401.000000                     0.000341          0.000648
   402.000000                     0.000346          0.000659
   403.000000                     0.000354          0.000674
   404.000000                     0.000364          0.000692
   405.000000                     0.000376          0.000715
   406.000000                     0.000390          0.000741
   407.000000                     0.000406          0.000773
   408.000000                     0.000425          0.000809
   409.000000                     0.000447          0.000851
   410.000000                     0.000473          0.000899
   411.000000                     0.000502          0.000954
   412.000000                     0.000535          0.001018
   413.000000                     0.000574          0.001092
   414.000000                     0.000619          0.001177
   415.000000                     0.000671          0.001277
   416.000000                     0.000732          0.001393
   417.000000                     0.000804          0.001530
   418.000000                     0.000889          0.001691
   419.000000                     0.000991          0.001885
   420.000000                     0.001114          0.002119
   421.000000                     0.001264          0.002405
   422.000000                     0.001451          0.002759
   423.000000                     0.001685          0.003205
   424.000000                     0.001985          0.003776
   425.000000                     0.002379          0.004525
   426.000000                     0.002909          0.005533
   427.000000                     0.003645          0.006933
   428.000000                     0.004709          0.008957
   429.000000                     0.006327          0.012033
   430.000000                     0.008953          0.017028
   431.000000                     0.013610          0.025886
   432.000000                     0.022955          0.043659
   433.000000                     0.045239          0.086041
   434.000000                     0.108649          0.206640
   435.000000                     0.203023          0.386132
   436.000000                     0.107625          0.204693
   437.000000                     0.044892          0.085381
   438.000000                     0.022832          0.043425
   439.000000                     0.013566          0.025801
   440.000000                     0.008943          0.017008
   441.000000                     0.006336          0.012050
   442.000000                     0.004731          0.008998
   443.000000                     0.003677          0.006993
   444.000000                     0.002949          0.005609
   445.000000                     0.002427          0.004616
   446.000000                     0.002041          0.003882
   447.000000                     0.001748          0.003325
   448.000000                     0.001522          0.002895
   449.000000                     0.001344          0.002557
   450.000000                     0.001203          0.002288
   451.000000                     0.001090          0.002072
   452.000000                     0.000998          0.001899
   453.000000                     0.000925          0.001758
   454.000000                     0.000865          0.001646
   455.000000                     0.000818          0.001556
   456.000000                     0.000781          0.001486
   457.000000                     0.000754          0.001434
   458.000000                     0.000734          0.001397
   459.000000                     0.000723          0.001375
   460.000000                     0.000719          0.001367
   461.000000                     0.000722          0.001373
   462.000000                     0.000733          0.001395
   463.000000                     0.000753          0.001432
   464.000000                     0.000782          0.001487
   465.000000                     0.000822          0.001563
   466.000000                     0.000875          0.001663
   467.000000                     0.000943          0.001793
   468.000000                     0.001031          0.001960
   469.000000                     0.001143          0.002174
   470.000000                     0.001289          0.002452
   471.000000                     0.001479          0.002814
   472.000000                     0.001732          0.003294
   473.000000                     0.002075          0.003946
   474.000000                     0.002553          0.004855
   475.000000                     0.003242          0.006166
   476.000000                     0.004284          0.008148
   477.000000                     0.005953          0.011322
   478.000000                     0.008841          0.016815
   479.000000                     0.014371          0.027332
   480.000000                     0.026322          0.050062
   481.000000                     0.053432          0.101623
   482.000000                     0.083496          0.158802
   483.000000                     0.056020          0.106545
   484.000000                     0.027556          0.052409
   485.000000                     0.014894          0.028326
   486.000000                     0.009076          0.017262
   487.000000                     0.006057          0.011520
   488.000000                     0.004319          0.008214
   489.000000                     0.003235          0.006152
   490.000000                     0.002516          0.004785
   491.000000                     0.002016          0.003834
   492.000000                     0.001654          0.003146
   493.000000                     0.001384          0.002633
   494.000000                     0.001177          0.002239
   495.000000                     0.001016          0.001931
   496.000000                     0.000886          0.001686
   497.000000                     0.000782          0.001487
   498.000000                     0.000695          0.001323
   499.000000                     0.000624          0.001186
   500.000000                     0.000563          0.001071
   501.000000                     0.000512          0.000974
   502.000000                     0.000468          0.000890
   503.000000                     0.000430          0.000818
   504.000000                     0.000397          0.000755
   505.000000                     0.000368          0.000699
   506.000000                     0.000342          0.000651
   507.000000                     0.000319          0.000607
   508.000000                     0.000299          0.000569
   509.000000                     0.000281          0.000534
   510.000000                     0.000265          0.000503
   511.000000                     0.000250          0.000476
   512.000000                     0.000237          0.000450
   513.000000                     0.000225          0.000427
   514.000000                     0.000214          0.000406
   515.000000                     0.000203          0.000387
   516.000000                     0.000194          0.000369
   517.000000                     0.000186          0.000353
   518.000000                     0.000178          0.000338
   519.000000                     0.000171          0.000324
   520.000000                     0.000164          0.000312
   521.000000                     0.000158          0.000300
   522.000000                     0.000152          0.000289
   523.000000                     0.000146          0.000278
   524.000000                     0.000141          0.000269
   525.000000                     0.000137          0.000260
   526.000000                     0.000132          0.000251
   527.000000                     0.000128          0.000244
   528.000000                     0.000124          0.000236
   529.000000                     0.000121          0.000229
   530.000000                     0.000117          0.000223
   531.000000                     0.000114          0.000217
   532.000000                     0.000111          0.000211
   533.000000                     0.000108          0.000205
   534.000000                     0.000105          0.000200
   535.000000                     0.000103          0.000195
   536.000000                     0.000100          0.000190
   537.000000                     0.000098          0.000186
   538.000000                     0.000096          0.000182
   539.000000                     0.000094          0.000178
   540.000000                     0.000092          0.000174
   541.000000                     0.000090          0.000170
   542.000000                     0.000088          0.000167
   543.000000                     0.000086          0.000164
   544.000000                     0.000084          0.000161
   545.000000                     0.000083          0.000158
   546.000000                     0.000081          0.000155
   547.000000                     0.000080          0.000152
   548.000000                     0.000079          0.000150
   549.000000                     0.000077          0.000147
   550.000000                     0.000076          0.000145
   551.000000                     0.000075          0.000143
   552.000000                     0.000074          0.000140
   553.000000                     0.000073          0.000138
   554.000000                     0.000072          0.000136
   555.000000                     0.000071          0.000135
   556.000000                     0.000070          0.000133
   557.000000                     0.000069          0.000131
   558.000000                     0.000068          0.000129
   559.000000                     0.000067          0.000128
   560.000000                     0.000066          0.000126
   561.000000                     0.000066          0.000125
   562.000000                     0.000065          0.000123
   563.000000                     0.000064          0.000122
   564.000000                     0.000064          0.000121
   565.000000                     0.000063          0.000120
   566.000000                     0.000062          0.000119
   567.000000                     0.000062          0.000117
   568.000000                     0.000061          0.000116
   569.000000                     0.000061          0.000115
   570.000000                     0.000060          0.000114
   571.000000                     0.000060          0.000113
   572.000000                     0.000059          0.000113
   573.000000                     0.000059          0.000112
   574.000000                     0.000058          0.000111
   575.000000                     0.000058          0.000110
   576.000000                     0.000058          0.000109
   577.000000                     0.000057          0.000109
   578.000000                     0.000057          0.000108
   579.000000                     0.000057          0.000107
   580.000000                     0.000056          0.000107
   581.000000                     0.000056          0.000106
   582.000000                     0.000056          0.000106
   583.000000                     0.000055          0.000105
   584.000000                     0.000055          0.000105
   585.000000                     0.000055          0.000104
   586.000000                     0.000055          0.000104
   587.000000                     0.000055          0.000104
   588.000000                     0.000054          0.000103
   589.000000                     0.000054          0.000103
   590.000000                     0.000054          0.000103
   591.000000                     0.000054          0.000103
   592.000000                     0.000054          0.000102
   593.000000                     0.000054          0.000102
   594.000000                     0.000054          0.000102
   595.000000                     0.000054          0.000102
   596.000000                     0.000053          0.000102
   597.000000                     0.000053          0.000102
   598.000000                     0.000053          0.000102
   599.000000                     0.000053          0.000102
   600.000000                     0.000053          0.000102
   601.000000                     0.000053          0.000102
   602.000000                     0.000053          0.000102
   603.000000                     0.000053          0.000102
   604.000000                     0.000054          0.000102
   605.000000                     0.000054          0.000102
   606.000000                     0.000054          0.000102
   607.000000                     0.000054          0.000102
   608.000000                     0.000054          0.000102
   609.000000                     0.000054          0.000103
   610.000000                     0.000054          0.000103
   611.000000                     0.000054          0.000103
   612.000000                     0.000054          0.000104
   613.000000                     0.000055          0.000104
   614.000000                     0.000055          0.000104
   615.000000                     0.000055          0.000105
   616.000000                     0.000055          0.000105
   617.000000                     0.000056          0.000106
   618.000000                     0.000056          0.000106
   619.000000                     0.000056          0.000107
   620.000000                     0.000056          0.000107
   621.000000                     0.000057          0.000108
   622.000000                     0.000057          0.000109
   623.000000                     0.000058          0.000109
   624.000000                     0.000058          0.000110
   625.000000                     0.000058          0.000111
   626.000000                     0.000059          0.000112
   627.000000                     0.000059          0.000113
   628.000000                     0.000060          0.000114
   629.000000                     0.000060          0.000115
   630.000000                     0.000061          0.000116
   631.000000                     0.000061          0.000117
   632.000000                     0.000062          0.000118
   633.000000                     0.000063          0.000119
   634.000000                     0.000063          0.000121
   635.000000                     0.000064          0.000122
   636.000000                     0.000065          0.000124
   637.000000                     0.000066          0.000125
   638.000000                     0.000067          0.000127
   639.000000                     0.000068          0.000129
   640.000000                     0.000069          0.000130
   641.000000                     0.000070          0.000132
   642.000000                     0.000071          0.000134
   643.000000                     0.000072          0.000137
   644.000000                     0.000073          0.000139
   645.000000                     0.000074          0.000141
   646.000000                     0.000076          0.000144
   647.000000                     0.000077          0.000147
   648.000000                     0.000079          0.000150
   649.000000                     0.000080          0.000153
   650.000000                     0.000082          0.000156
   651.000000                     0.000084          0.000160
   652.000000                     0.000086          0.000164
   653.000000                     0.000088          0.000168
   654.000000                     0.000091          0.000173
   655.000000                     0.000093          0.000177
   656.000000                     0.000096          0.000183
   657.000000                     0.000099          0.000188
   658.000000                     0.000102          0.000194
   659.000000                     0.000106          0.000201
   660.000000                     0.000109          0.000208
   661.000000                     0.000114          0.000216
   662.000000                     0.000118          0.000225
   663.000000                     0.000123          0.000234
   664.000000                     0.000129          0.000245
   665.000000                     0.000135          0.000257
   666.000000                     0.000142          0.000270
   667.000000                     0.000149          0.000284
   668.000000                     0.000158          0.000300
   669.000000                     0.000168          0.000319
   670.000000                     0.000179          0.000340
   671.000000                     0.000191          0.000363
   672.000000                     0.000205          0.000390
   673.000000                     0.000222          0.000422
   674.000000                     0.000241          0.000459
   675.000000                     0.000264          0.000502
   676.000000                     0.000291          0.000553
   677.000000                     0.000323          0.000614
   678.000000                     0.000362          0.000688
   679.000000                     0.000410          0.000780
   680.000000                     0.000470          0.000894
   681.000000                     0.000546          0.001038
   682.000000                     0.000644          0.001225
   683.000000                     0.000774          0.001472
   684.000000                     0.000951          0.001808
   685.000000                     0.001197          0.002277
   686.000000                     0.001554          0.002956
   687.000000                     0.002090          0.003974
   688.000000                     0.002920          0.005554
   689.000000                     0.004226          0.008037
   690.000000                     0.006161          0.011718
   691.000000                     0.008308          0.015800
   692.000000                     0.008979          0.017077
   693.000000                     0.007386          0.014047
   694.000000                     0.005206          0.009901
   695.000000                     0.003564          0.006778
   696.000000                     0.002502          0.004759
   697.000000                     0.001827          0.003474
   698.000000                     0.001386          0.002635
   699.000000                     0.001087          0.002067
   700.000000                     0.000878          0.001670
   701.000000                     0.000727          0.001382
   702.000000                     0.000615          0.001169
   703.000000                     0.000529          0.001007
   704.000000                     0.000463          0.000881
   705.000000                     0.000411          0.000782
   706.000000                     0.000370          0.000703
   707.000000                     0.000336          0.000639
   708.000000                     0.000309          0.000587
   709.000000                     0.000286          0.000544
   710.000000                     0.000267          0.000508
   711.000000                     0.000252          0.000478
   712.000000                     0.000238          0.000454
   713.000000                     0.000227          0.000433
   714.000000                     0.000218          0.000415
   715.000000                     0.000211          0.000401
   716.000000                     0.000204          0.000388
   717.000000                     0.000199          0.000378
   718.000000                     0.000195          0.000370
   719.000000                     0.000191          0.000364
   720.000000                     0.000189          0.000359
   721.000000                     0.000187          0.000355
   722.000000                     0.000185          0.000352
   723.000000                     0.000185          0.000351
   724.000000                     0.000184          0.000351
   725.000000                     0.000185          0.000352
   726.000000                     0.000186          0.000353
   727.000000                     0.000187          0.000356
   728.000000                     0.000189          0.000360
   729.000000                     0.000191          0.000364
   730.000000                     0.000194          0.000370
   731.000000                     0.000198          0.000376
   732.000000                     0.000202          0.000384
   733.000000                     0.000206          0.000392
   734.000000                     0.000211          0.000402
   735.000000                     0.000217          0.000413
   736.000000                     0.000224          0.000425
   737.000000                     0.000231          0.000439
   738.000000                     0.000239          0.000454
   739.000000                     0.000248          0.000471
   740.000000                     0.000257          0.000490
   741.000000                     0.000268          0.000510
   742.000000                     0.000281          0.000534
   743.000000                     0.000294          0.000559
   744.000000                     0.000309          0.000588
   745.000000                     0.000326          0.000621
   746.000000                     0.000345          0.000657
   747.000000                     0.000367          0.000698
   748.000000                     0.000392          0.000745
   749.000000                     0.000419          0.000798
   750.000000                     0.000451          0.000858
   751.000000                     0.000488          0.000929
   752.000000                     0.000531          0.001010
   753.000000                     0.000581          0.001105
   754.000000                     0.000640          0.001218
   755.000000                     0.000711          0.001353
   756.000000                     0.000797          0.001515
   757.000000                     0.000902          0.001715
   758.000000                     0.001032          0.001963
   759.000000                     0.001198          0.002278
   760.000000                     0.001412          0.002686
   761.000000                     0.001697          0.003228
   762.000000                     0.002088          0.003971
   763.000000                     0.002643          0.005026
   764.000000                     0.003466          0.006593
   765.000000                     0.004758          0.009050
   766.000000                     0.006922          0.013164
   767.000000                     0.010817          0.020573
   768.000000                     0.018168          0.034555
   769.000000                     0.030236          0.057506
   770.000000                     0.036911          0.070202
   771.000000                     0.026878          0.051119
   772.000000                     0.015904          0.030248
   773.000000                     0.009738          0.018521
   774.000000                     0.006488          0.012339
   775.000000                     0.004684          0.008909
   776.000000                     0.003625          0.006895
   777.000000                     0.002981          0.005670
   778.000000                     0.002588          0.004923
   779.000000                     0.002363          0.004494
   780.000000                     0.002262          0.004302
   781.000000                     0.002266          0.004309
   782.000000                     0.002372          0.004510
   783.000000                     0.002593          0.004931
   784.000000                     0.002961          0.005633
   785.000000                     0.003540          0.006734
   786.000000                     0.004446          0.008456
   787.000000                     0.005903          0.011227
   788.000000                     0.008370          0.015919
   789.000000                     0.012845          0.024431
   790.000000                     0.021543          0.040972
   791.000000                     0.037882          0.072048
   792.000000                     0.054212          0.103107
   793.000000                     0.043836          0.083372
   794.000000                     0.025353          0.048218
   795.000000                     0.014689          0.027937
   796.000000                     0.009232          0.017559
   797.000000                     0.006263          0.011912
   798.000000                     0.004513          0.008584
   799.000000                     0.003407          0.006480
   800.000000                     0.002668          0.005074
   801.000000                     0.002151          0.004091
   802.000000                     0.001775          0.003376
   803.000000                     0.001494          0.002841
   804.000000                     0.001278          0.002430
   805.000000                     0.001108          0.002108
   806.000000                     0.000973          0.001850
   807.000000                     0.000862          0.001640
   808.000000                     0.000772          0.001468
   809.000000                     0.000696          0.001324
   810.000000                     0.000632          0.001202
   811.000000                     0.000578          0.001099
   812.000000                     0.000531          0.001010
   813.000000                     0.000491          0.000934
   814.000000                     0.000456          0.000867
   815.000000                     0.000425          0.000808
   816.000000                     0.000398          0.000757
   817.000000                     0.000374          0.000711
   818.000000                     0.000352          0.000670
   819.000000                     0.000333          0.000634
   820.000000                     0.000316          0.000601
   821.000000                     0.000301          0.000572
   822.000000                     0.000287          0.000545
   823.000000                     0.000274          0.000521
   824.000000                     0.000263          0.000499
   825.000000                     0.000252          0.000479
   826.000000                     0.000242          0.000461
   827.000000                     0.000234          0.000444
   828.000000                     0.000226          0.000429
   829.000000                     0.000218          0.000415
   830.000000                     0.000211          0.000402
   831.000000                     0.000205          0.000390
   832.000000                     0.000199          0.000379
   833.000000                     0.000194          0.000369
   834.000000                     0.000189          0.000359
   835.000000                     0.000184          0.000350
   836.000000                     0.000180          0.000342
   837.000000                     0.000176          0.000334
   838.000000                     0.000172          0.000327
   839.000000                     0.000169          0.000321
   840.000000                     0.000165          0.000315
   841.000000                     0.000162          0.000309
   842.000000                     0.000160          0.000303
   843.000000                     0.000157          0.000299
   844.000000                     0.000155          0.000294
   845.000000                     0.000152          0.000290
   846.000000                     0.000150          0.000286
   847.000000                     0.000148          0.000282
   848.000000                     0.000146          0.000278
   849.000000                     0.000145          0.000275
   850.000000                     0.000143          0.000272
   851.000000                     0.000142          0.000269
   852.000000                     0.000140          0.000267
   853.000000                     0.000139          0.000264
   854.000000                     0.000138          0.000262
   855.000000                     0.000137          0.000260
   856.000000                     0.000136          0.000258
   857.000000                     0.000135          0.000256
   858.000000                     0.000134          0.000255
   859.000000                     0.000133          0.000253
   860.000000                     0.000132          0.000252
   861.000000                     0.000132          0.000251
   862.000000                     0.000131          0.000249
   863.000000                     0.000131          0.000249
   864.000000                     0.000130          0.000248
   865.000000                     0.000130          0.000247
   866.000000                     0.000129          0.000246
   867.000000                     0.000129          0.000246
   868.000000                     0.000129          0.000245
   869.000000                     0.000129          0.000245
   870.000000                     0.000129          0.000245
   871.000000                     0.000129          0.000244
   872.000000                     0.000128          0.000244
   873.000000                     0.000128          0.000244
   874.000000                     0.000129          0.000244
   875.000000                     0.000129          0.000245
   876.000000                     0.000129          0.000245
   877.000000                     0.000129          0.000245
   878.000000                     0.000129          0.000245
   879.000000                     0.000129          0.000246
   880.000000                     0.000130          0.000246
   881.000000                     0.000130          0.000247
   882.000000                     0.000130          0.000248
   883.000000                     0.000131          0.000248
   884.000000                     0.000131          0.000249
   885.000000                     0.000131          0.000250
   886.000000                     0.000132          0.000251
   887.000000                     0.000132          0.000252
   888.000000                     0.000133          0.000253
   889.000000                     0.000134          0.000254
   890.000000                     0.000134          0.000255
   891.000000                     0.000135          0.000257
   892.000000                     0.000136          0.000258
   893.000000                     0.000136          0.000259
   894.000000                     0.000137          0.000261
   895.000000                     0.000138          0.000262
   896.000000                     0.000139          0.000264
   897.000000                     0.000139          0.000265
   898.000000                     0.000140          0.000267
   899.000000                     0.000141          0.000269
   900.000000                     0.000142          0.000270
   901.000000                     0.000143          0.000272
   902.000000                     0.000144          0.000274
   903.000000                     0.000145          0.000276
   904.000000                     0.000146          0.000278
   905.000000                     0.000147          0.000280
   906.000000                     0.000149          0.000283
   907.000000                     0.000150          0.000285
   908.000000                     0.000151          0.000287
   909.000000                     0.000152          0.000289
   910.000000                     0.000153          0.000292
   911.000000                     0.000155          0.000294
   912.000000                     0.000156          0.000297
   913.000000                     0.000158          0.000300
   914.000000                     0.000159          0.000302
   915.000000                     0.000160          0.000305
   916.000000                     0.000162          0.000308
   917.000000                     0.000164          0.000311
   918.000000                     0.000165          0.000314
   919.000000                     0.000167          0.000317
   920.000000                     0.000168          0.000320
   921.000000                     0.000170          0.000324
   922.000000                     0.000172          0.000327
   923.000000                     0.000174          0.000331
   924.000000                     0.000176          0.000334
   925.000000                     0.000178          0.000338
   926.000000                     0.000179          0.000341
   927.000000                     0.000181          0.000345
   928.000000                     0.000184          0.000349
   929.000000                     0.000186          0.000353
   930.000000                     0.000188          0.000357
   931.000000                     0.000190          0.000361
   932.000000                     0.000192          0.000366
   933.000000                     0.000195          0.000370
   934.000000                     0.000197          0.000375
   935.000000                     0.000199          0.000379
   936.000000                     0.000202          0.000384
   937.000000                     0.000204          0.000389
   938.000000                     0.000207          0.000394
   939.000000                     0.000210          0.000399
   940.000000                     0.000213          0.000404
   941.000000                     0.000215          0.000410
   942.000000                     0.000218          0.000415
   943.000000                     0.000221          0.000421
   944.000000                     0.000224          0.000427
   945.000000                     0.000227          0.000433
   946.000000                     0.000231          0.000439
   947.000000                     0.000234          0.000445
   948.000000                     0.000237          0.000451
   949.000000                     0.000241          0.000458
   950.000000                     0.000244          0.000465
   951.000000                     0.000248          0.000472
   952.000000                     0.000252          0.000479
   953.000000                     0.000256          0.000486
   954.000000                     0.000259          0.000493
   955.000000                     0.000263          0.000501
   956.000000                     0.000268          0.000509
   957.000000                     0.000272          0.000517
   958.000000                     0.000276          0.000525
   959.000000                     0.000281          0.000534
   960.000000                     0.000285          0.000543
   961.000000                     0.000290          0.000552
   962.000000                     0.000295          0.000561
   963.000000                     0.000300          0.000571
   964.000000                     0.000305          0.000581
   965.000000                     0.000311          0.000591
   966.000000                     0.000316          0.000601
   967.000000                     0.000322          0.000612
   968.000000                     0.000327          0.000623
   969.000000                     0.000333          0.000634
   970.000000                     0.000340          0.000646
   971.000000                     0.000346          0.000658
   972.000000                     0.000352          0.000670
   973.000000                     0.000359          0.000683
   974.000000                     0.000366          0.000696
   975.000000                     0.000373          0.000710
   976.000000                     0.000381          0.000724
   977.000000                     0.000388          0.000738
   978.000000                     0.000396          0.000753
   979.000000                     0.000404          0.000769
   980.000000                     0.000413          0.000785
   981.000000                     0.000421          0.000801
   982.000000                     0.000430          0.000818
   983.000000                     0.000439          0.000836
   984.000000                     0.000449          0.000854
   985.000000                     0.000459          0.000873
   986.000000                     0.000469          0.000892
   987.000000                     0.000480          0.000913
   988.000000                     0.000491          0.000933
   989.000000                     0.000502          0.000955
   990.000000                     0.000514          0.000977
   991.000000                     0.000526          0.001001
   992.000000                     0.000539          0.001025
   993.000000                     0.000552          0.001050
   994.000000                     0.000566          0.001076
   995.000000                     0.000580          0.001103
   996.000000                     0.000595          0.001131
   997.000000                     0.000610          0.001160
   998.000000                     0.000626          0.001191
   999.000000                     0.000643          0.001222
  1000.000000                     0.000660          0.001255
  1001.000000                     0.000678          0.001290
  1002.000000                     0.000697          0.001325
  1003.000000                     0.000717          0.001363
  1004.000000                     0.000737          0.001402
  1005.000000                     0.000758          0.001442
  1006.000000                     0.000781          0.001485
  1007.000000                     0.000804          0.001530
  1008.000000                     0.000829          0.001576
  1009.000000                     0.000854          0.001625
  1010.000000                     0.000881          0.001676
  1011.000000                     0.000910          0.001730
  1012.000000                     0.000939          0.001786
  1013.000000                     0.000970          0.001845
  1014.000000                     0.001003          0.001908
  1015.000000                     0.001037          0.001973
  1016.000000                     0.001074          0.002042
  1017.000000                     0.001112          0.002115
  1018.000000                     0.001152          0.002192
  1019.000000                     0.001195          0.002273
  1020.000000                     0.001240          0.002358
  1021.000000                     0.001288          0.002449
  1022.000000                     0.001338          0.002545
  1023.000000                     0.001392          0.002647
  1024.000000                     0.001449          0.002756
  1025.000000                     0.001510          0.002871
  1026.000000                     0.001574          0.002994
  1027.000000                     0.001643          0.003125
  1028.000000                     0.001717          0.003265
  1029.000000                     0.001795          0.003414
  1030.000000                     0.001879          0.003575
  1031.000000                     0.001970          0.003747
  1032.000000                     0.002067          0.003932
  1033.000000                     0.002172          0.004131
  1034.000000                     0.002285          0.004346
  1035.000000                     0.002407          0.004578
  1036.000000                     0.002539          0.004830
  1037.000000                     0.002683          0.005103
  1038.000000                     0.002840          0.005401
  1039.000000                     0.003011          0.005726
  1040.000000                     0.003198          0.006082
  1041.000000                     0.003403          0.006472
  1042.000000                     0.003629          0.006902
  1043.000000                     0.003879          0.007377
  1044.000000                     0.004155          0.007903
  1045.000000                     0.004463          0.008489
  1046.000000                     0.004807          0.009143
  1047.000000                     0.005194          0.009878
  1048.000000                     0.005629          0.010707
  1049.000000                     0.006123          0.011646
  1050.000000                     0.006687          0.012717
  1051.000000                     0.007333          0.013946
  1052.000000                     0.008080          0.015367
  1053.000000                     0.008949          0.017020
  1054.000000                     0.009970          0.018961
  1055.000000                     0.011180          0.021262
  1056.000000                     0.012629          0.024019
  1057.000000                     0.014387          0.027362
  1058.000000                     0.016548          0.031472
  1059.000000                     0.019247          0.036605
  1060.000000                     0.022679          0.043134
  1061.000000                     0.027139          0.051616
  1062.000000                     0.033081          0.062917
  1063.000000                     0.041238          0.078431
  1064.000000                     0.052844          0.100504
  1065.000000                     0.070078          0.133282
  1066.000000                     0.097004          0.184493
  1067.000000                     0.141504          0.269129
  1068.000000                     0.218615          0.415786
  1069.000000                     0.349160          0.664070
  1070.000000                     0.508271          0.966685
  1071.000000                     0.525787          1.000000
  1072.000000                     0.378102          0.719116
  1073.000000                     0.244846          0.465675
  1074.000000                     0.168252          0.320000
  1075.000000                     0.129641          0.246566
  1076.000000                     0.114803          0.218345
  1077.000000                     0.118987          0.226303
  1078.000000                     0.145172          0.276104
  1079.000000                     0.201758          0.383725
  1080.000000                     0.278714          0.530090
  1081.000000                     0.292156          0.555654
  1082.000000                     0.214366          0.407705
  1083.000000                     0.137899          0.262272
  1084.000000                     0.090687          0.172479
  1085.000000                     0.063162          0.120129
  1086.000000                     0.046429          0.088304
  1087.000000                     0.035653          0.067809
  1088.000000                     0.028335          0.053890
  1089.000000                     0.023137          0.044004
  1090.000000                     0.019305          0.036717
  1091.000000                     0.016393          0.031179
  1092.000000                     0.014123          0.026860
  1093.000000                     0.012314          0.023421
  1094.000000                     0.010848          0.020632
  1095.000000                     0.009640          0.018334
  1096.000000                     0.008632          0.016417
  1097.000000                     0.007781          0.014798
  1098.000000                     0.007055          0.013418
  1099.000000                     0.006430          0.012229
  1100.000000                     0.005888          0.011199
  1101.000000                     0.005415          0.010298
  1102.000000                     0.004999          0.009507
  1103.000000                     0.004631          0.008807
  1104.000000                     0.004304          0.008185
  1105.000000                     0.004012          0.007630
  1106.000000                     0.003750          0.007132
  1107.000000                     0.003514          0.006683
  1108.000000                     0.003301          0.006278
  1109.000000                     0.003108          0.005911
  1110.000000                     0.002932          0.005577
  1111.000000                     0.002772          0.005273
  1112.000000                     0.002626          0.004995
  1113.000000                     0.002492          0.004740
  1114.000000                     0.002370          0.004507
  1115.000000                     0.002257          0.004293
  1116.000000                     0.002153          0.004095
  1117.000000                     0.002058          0.003914
  1118.000000                     0.001970          0.003746
  1119.000000                     0.001889          0.003592
  1120.000000                     0.001814          0.003450
  1121.000000                     0.001745          0.003319
  1122.000000                     0.001682          0.003199
  1123.000000                     0.001624          0.003089
  1124.000000                     0.001571          0.002988
  1125.000000                     0.001523          0.002897
  1126.000000                     0.001480          0.002815
  1127.000000                     0.001441          0.002741
  1128.000000                     0.001408          0.002677
  1129.000000                     0.001379          0.002622
  1130.000000                     0.001355          0.002577
  1131.000000                     0.001337          0.002543
  1132.000000                     0.001325          0.002521
  1133.000000                     0.001321          0.002512
  1134.000000                     0.001324          0.002519
  1135.000000                     0.001338          0.002544
  1136.000000                     0.001364          0.002594
  1137.000000                     0.001405          0.002673
  1138.000000                     0.001467          0.002791
  1139.000000                     0.001557          0.002962
  1140.000000                     0.001685          0.003206
  1141.000000                     0.001869          0.003554
  1142.000000                     0.002132          0.004056
  1143.000000                     0.002519          0.004791
  1144.000000                     0.003096          0.005888
  1145.000000                     0.003967          0.007545
  1146.000000                     0.005262          0.010008
  1147.000000                     0.007001          0.013316
  1148.000000                     0.008669          0.016488
  1149.000000                     0.009035          0.017183
  1150.000000                     0.007715          0.014673
  1151.000000                     0.005857          0.011140
  1152.000000                     0.004329          0.008233
  1153.000000                     0.003263          0.006205
  1154.000000                     0.002544          0.004838
  1155.000000                     0.002052          0.003904
  1156.000000                     0.001708          0.003248
  1157.000000                     0.001458          0.002773
  1158.000000                     0.001272          0.002419
  1159.000000                     0.001129          0.002147
  1160.000000                     0.001017          0.001934
  1161.000000                     0.000927          0.001763
  1162.000000                     0.000854          0.001623
  1163.000000                     0.000792          0.001507
  1164.000000                     0.000741          0.001409
  1165.000000                     0.000697          0.001325
  1166.000000                     0.000658          0.001252
  1167.000000                     0.000625          0.001188
  1168.000000                     0.000595          0.001132
  1169.000000                     0.000569          0.001082
  1170.000000                     0.000545          0.001037
  1171.000000                     0.000524          0.000996
  1172.000000                     0.000504          0.000958
  1173.000000                     0.000486          0.000924
  1174.000000                     0.000469          0.000893
  1175.000000                     0.000454          0.000864
  1176.000000                     0.000440          0.000837
  1177.000000                     0.000427          0.000811
  1178.000000                     0.000414          0.000788
  1179.000000                     0.000403          0.000766
  1180.000000                     0.000392          0.000745
  1181.000000                     0.000381          0.000725
  1182.000000                     0.000371          0.000706
  1183.000000                     0.000362          0.000689
  1184.000000                     0.000353          0.000672
  1185.000000                     0.000345          0.000656
  1186.000000                     0.000337          0.000641
  1187.000000                     0.000329          0.000626
  1188.000000                     0.000322          0.000612
  1189.000000                     0.000315          0.000599
  1190.000000                     0.000308          0.000586
  1191.000000                     0.000302          0.000574
  1192.000000                     0.000295          0.000562
  1193.000000                     0.000289          0.000550
  1194.000000                     0.000284          0.000539
  1195.000000                     0.000278          0.000529
  1196.000000                     0.000273          0.000519
  1197.000000                     0.000267          0.000509
