15   
90   

1    
  0.0100000000000000   0.0000000000000000   0.0000000000000000
  -0.6529524600    0.0185232900    0.0013151200
   0.1179171000   -0.0266072400   -0.0005300700
   0.2606956600    0.1126314200   -0.0009300600
   0.0572586900   -0.0169729700    0.0002951400
   0.0157080200    0.0167053600   -0.0004241900
  -0.0265056900   -0.0246069300   -0.0006697400
  -0.0056071700    0.0065378200   -0.0024234200
  -0.0012930800    0.0068715800    0.0004502500
  -0.0051229300    0.0039187000    0.0009508100
  -0.0055174000    0.0049053100   -0.0009349900
   0.2433312900   -0.1048288300    0.0019354900
  -0.0072779200    0.0250336200    0.0002485800
   0.0010116000   -0.0066718900    0.0001093000
   0.0044054500   -0.0080062100    0.0013605100
   0.0039488400   -0.0074330100   -0.0007527300

1    
 -0.0100000000000000   0.0000000000000000   0.0000000000000000
   0.6489235700   -0.0363286100   -0.0006499000
  -0.1080262700    0.0211116700   -0.0001509500
  -0.2472063200   -0.1049066000    0.0010551000
  -0.0493764800    0.0197788100    0.0004081200
  -0.0126044000   -0.0294660000   -0.0000900900
   0.0277304400    0.0281587200   -0.0008722400
  -0.0032426100   -0.0021408300   -0.0028988500
   0.0002456200    0.0111450600    0.0001853100
  -0.0045555700    0.0073237200    0.0004062100
  -0.0058908000    0.0078450700    0.0003498500
  -0.2391756500    0.1175537100    0.0013879500
  -0.0029603600   -0.0288568200    0.0002247800
  -0.0071123100   -0.0003669200    0.0001420500
  -0.0012280100   -0.0016342600    0.0012274600
   0.0044791500   -0.0092167200   -0.0007248000

1    
  0.0000000000000000   0.0100000000000000   0.0000000000000000
   0.0261783900   -0.6298953800    0.0013212900
   0.0346723600    0.3008651400   -0.0010949300
   0.0544747000    0.1551597200   -0.0000233400
   0.0195859900   -0.0490236200    0.0009314500
   0.0262057000    0.0340325200   -0.0005358800
  -0.0628885600    0.0301821800   -0.0006483200
   0.0229018300    0.0233771900   -0.0030607600
   0.0014975300    0.0074002500    0.0004125800
  -0.0039301400    0.0096684900    0.0008363700
  -0.0041145100    0.0076359800   -0.0006690700
  -0.1048695000    0.1184192500    0.0015215600
  -0.0072625500    0.0078199600    0.0002695300
  -0.0051418300   -0.0041704000    0.0001661100
  -0.0023803700   -0.0038951400    0.0013691000
   0.0050709400   -0.0075761400   -0.0007956800

1    
  0.0000000000000000  -0.0100000000000000   0.0000000000000000
  -0.0286494000    0.6530223800   -0.0008150900
  -0.0253424800   -0.3302191200    0.0005104800
  -0.0489923400   -0.1557142000    0.0001801400
  -0.0129808000    0.0523864800   -0.0002218300
  -0.0235515400   -0.0471982000    0.0000259300
   0.0651985200   -0.0271202100   -0.0008948500
  -0.0314393700   -0.0185802800   -0.0021890700
  -0.0025214900    0.0107389500    0.0002135700
  -0.0057781000    0.0016107100    0.0004885500
  -0.0073036500    0.0051821800    0.0000898800
   0.1164926200   -0.1145786000    0.0017906100
  -0.0030495400   -0.0118321400    0.0002021500
  -0.0009332600   -0.0028703000    0.0000823800
   0.0055037300   -0.0057250300    0.0012189300
   0.0033470800   -0.0091026300   -0.0006817700

1    
  0.0000000000000000   0.0000000000000000   0.0100000000000000
  -0.0005743400    0.0023036200   -0.1218068700
   0.0046619300   -0.0031887500    0.0571093500
   0.0000143800   -0.0017893800    0.0612770900
   0.0028128800    0.0023779100   -0.0073383300
   0.0010958300   -0.0070781400    0.0056086600
   0.0014088600    0.0017529700   -0.0084287000
  -0.0034131200    0.0022516600   -0.0075110600
  -0.0008233600    0.0093897900    0.0001666600
  -0.0052417900    0.0051460100    0.0006434200
  -0.0061440200    0.0063647800   -0.0001957500
   0.0087302200    0.0010702900    0.0345008800
  -0.0051280000   -0.0019103900   -0.0027378200
  -0.0030748000   -0.0035113200   -0.0065752100
   0.0014561300   -0.0048275300   -0.0049730600
   0.0042192000   -0.0083515100    0.0002607300

1    
  0.0000000000000000   0.0000000000000000  -0.0100000000000000
  -0.0025396600    0.0001714400    0.1223527900
   0.0056531300   -0.0027925100   -0.0577984200
   0.0000582000   -0.0005537400   -0.0610422800
   0.0041169900    0.0008150100    0.0080487900
   0.0017274300   -0.0058232400   -0.0061227100
   0.0000308000    0.0017963300    0.0068863400
  -0.0055108000    0.0019973600    0.0021953600
  -0.0002193300    0.0086859600    0.0004736900
  -0.0044608600    0.0060965300    0.0007193700
  -0.0052667000    0.0064140800   -0.0003988100
   0.0086297100    0.0016016800   -0.0311733000
  -0.0051263700   -0.0017494300    0.0032069800
  -0.0030041800   -0.0035149800    0.0068285600
   0.0016858700   -0.0048199100    0.0075613100
   0.0042257600   -0.0083245700   -0.0017376800

2    
  0.0100000000000000   0.0000000000000000   0.0000000000000000
   0.1116107200    0.0300232000   -0.0002161100
  -0.6635437700   -0.0179613900    0.0015490700
  -0.0258250500    0.0273121000    0.0006667300
   0.0166813900   -0.0226553500    0.0005701200
   0.0563814900    0.0112603000   -0.0007169300
   0.2699298200   -0.1204167700   -0.0014748700
  -0.0006609100    0.0030632600   -0.0029835800
  -0.0006865500    0.0091411600    0.0003065700
  -0.0046295900    0.0065533000    0.0006413500
  -0.0052240800    0.0064552200   -0.0003775700
   0.0050177000   -0.0246496000    0.0017576500
   0.2391782700    0.1031721800   -0.0003995300
  -0.0069495700   -0.0003843500    0.0002077600
   0.0013713300   -0.0055252900    0.0013111400
   0.0073487900   -0.0053879800   -0.0008418000

2    
 -0.0100000000000000   0.0000000000000000   0.0000000000000000
  -0.1143288400   -0.0299744400    0.0007771400
   0.6728854000    0.0306376600   -0.0022360400
   0.0268341100   -0.0287709900   -0.0004705400
  -0.0095757700    0.0256164300    0.0001408700
  -0.0525182000   -0.0239305700    0.0001947500
  -0.2561386600    0.1144267300   -0.0001136300
  -0.0082612600    0.0012454300   -0.0023085600
  -0.0003542700    0.0089449800    0.0003262300
  -0.0050889900    0.0046879600    0.0007197400
  -0.0061886600    0.0063371300   -0.0002169200
   0.0105586000    0.0285623600    0.0015679900
  -0.2616458200   -0.1157226900    0.0009337800
   0.0009330600   -0.0066271000    0.0000436400
   0.0017263200   -0.0041407600    0.0012791200
   0.0011629700   -0.0112921300   -0.0006375600

2    
  0.0000000000000000   0.0100000000000000   0.0000000000000000
  -0.0250431100    0.3275366400    0.0000450500
  -0.0200919900   -0.6462311400    0.0009835800
   0.0672714400    0.0238004200   -0.0005555500
  -0.0194288700    0.0431990800   -0.0000223300
  -0.0188485300   -0.0589086500   -0.0000658600
  -0.0608489300    0.1683252900   -0.0005530400
  -0.0034269800    0.0005638000   -0.0033874000
  -0.0008616200    0.0091668900    0.0001968700
  -0.0049819400    0.0059873000    0.0013530600
  -0.0063784500    0.0069874900   -0.0000666000
   0.0101612500    0.0128637200    0.0016473300
   0.1025418300    0.1110463900   -0.0002762300
  -0.0288425900    0.0075889000    0.0001818500
   0.0006510000   -0.0041547100    0.0012828400
   0.0081274800   -0.0077714200   -0.0007635700

2    
  0.0000000000000000  -0.0100000000000000   0.0000000000000000
   0.0226673900   -0.3035492100    0.0004444600
   0.0285111600    0.6172731200   -0.0015741100
  -0.0652052500   -0.0248589200    0.0007297500
   0.0260916100   -0.0398566300    0.0007286000
   0.0214917600    0.0457564900   -0.0004472500
   0.0669187300   -0.1659470800   -0.0009970400
  -0.0054993200    0.0036970900   -0.0019139900
  -0.0001831400    0.0089260500    0.0004349200
  -0.0047249800    0.0052590300    0.0000091700
  -0.0050393500    0.0058244700   -0.0005092400
   0.0053287300   -0.0087249600    0.0016752800
  -0.1162379200   -0.1144174500    0.0007601400
   0.0231194400   -0.0149777600    0.0000684300
   0.0024404000   -0.0054859900    0.0013063500
   0.0003207400   -0.0089182600   -0.0007154600

2    
  0.0000000000000000   0.0000000000000000   0.0100000000000000
  -0.0012947900   -0.0005369700    0.0577397600
   0.0066053100   -0.0026829000   -0.1242103700
   0.0004663200   -0.0006946800   -0.0056384600
   0.0034633000    0.0015817500    0.0059535800
   0.0011631500   -0.0065857900   -0.0078588900
  -0.0004511500    0.0026664400    0.0575097400
  -0.0036898500    0.0018267700   -0.0097715100
  -0.0008674000    0.0092304400    0.0005120900
  -0.0046231300    0.0067740200    0.0007744200
  -0.0062691700    0.0049295400   -0.0002396500
   0.0077398500    0.0020314300   -0.0009506400
  -0.0049513200   -0.0018084500    0.0335868100
  -0.0030125500   -0.0035511700   -0.0024247800
   0.0015702300   -0.0048144700    0.0023601000
   0.0041512000   -0.0083659400   -0.0073422000

2    
  0.0000000000000000   0.0000000000000000  -0.0100000000000000
  -0.0009127900    0.0010624700   -0.0571680800
   0.0028273800   -0.0052341000    0.1235302400
   0.0007639500   -0.0008135600    0.0058331400
   0.0033443400    0.0015288700   -0.0052428100
   0.0017385900   -0.0064713100    0.0073493200
   0.0006978100    0.0019433400   -0.0590432400
  -0.0052165200    0.0024704900    0.0044794600
  -0.0001680300    0.0088612100    0.0001201600
  -0.0050972600    0.0044761200    0.0005889500
  -0.0051473500    0.0078752200   -0.0003519900
   0.0078105500    0.0017423200    0.0042759700
  -0.0034442600   -0.0008036100   -0.0331404700
  -0.0030611300   -0.0035091800    0.0026755600
   0.0015428900   -0.0048264800    0.0002293400
   0.0043218100   -0.0083018000    0.0058644600

3    
  0.0100000000000000   0.0000000000000000   0.0000000000000000
   0.2463132200    0.0484967000    0.0003089800
  -0.0213129800    0.0623315800   -0.0004913800
  -0.6175459700    0.0052346200    0.0029209000
   0.2570772700   -0.0558341900   -0.0020182600
  -0.0279518900   -0.0713540100    0.0001687900
   0.0586803400    0.0009267700   -0.0010713400
   0.0745135600    0.0052469200   -0.0027370900
  -0.0010242200   -0.0190510500   -0.0012387000
  -0.0038826800    0.0272176500    0.0028405400
  -0.0050977400    0.0143502900   -0.0008753100
   0.0261106200    0.0140251000    0.0014682000
  -0.0070522400   -0.0030119200    0.0001129000
  -0.0017037200   -0.0035148500    0.0001250500
   0.0205211000   -0.0181429500    0.0011741100
   0.0023553400   -0.0069206800   -0.0006873900

3    
 -0.0100000000000000   0.0000000000000000   0.0000000000000000
  -0.2615964200   -0.0551215000    0.0003549100
   0.0313388500   -0.0701407700   -0.0001934700
   0.6197704800    0.0120252600   -0.0026485800
  -0.2381168200    0.0502795100    0.0026366600
   0.0308633100    0.0580993700   -0.0006944200
  -0.0571239300    0.0029031600   -0.0004712200
  -0.0833468600   -0.0017858000   -0.0024131200
  -0.0000890800    0.0372662100    0.0017883300
  -0.0058957600   -0.0159443900   -0.0015799000
  -0.0063883100   -0.0016615400    0.0002503900
  -0.0111771100   -0.0104110000    0.0018648600
  -0.0031731700   -0.0006210200    0.0003583300
  -0.0043978200   -0.0034742800    0.0001289300
  -0.0167603800    0.0083635500    0.0014075500
   0.0060930100   -0.0097767700   -0.0007892600

3    
  0.0000000000000000   0.0100000000000000   0.0000000000000000
   0.1054427900    0.1560982800   -0.0003211400
   0.0329329600    0.0203573200   -0.0002742500
  -0.0031253100   -0.5993355800   -0.0029683700
  -0.1023909500    0.1578209200    0.0010492000
  -0.0244253100    0.0216299200    0.0001300400
  -0.0008413000   -0.0014973100   -0.0004781300
  -0.0053282400    0.2078691900   -0.0039482900
   0.0002152800    0.0213049000    0.0020754300
  -0.0032678200    0.0187336100    0.0027700600
  -0.0042608400    0.0208272700    0.0008733900
  -0.0074136700   -0.0059455700    0.0012429700
  -0.0055245800    0.0032305800    0.0000714200
  -0.0031065900   -0.0040945600    0.0000192700
   0.0162716500   -0.0136490200    0.0006747700
   0.0048219500   -0.0033499400   -0.0009163700

3    
  0.0000000000000000  -0.0100000000000000   0.0000000000000000
  -0.1119453200   -0.1547712400    0.0009156300
  -0.0231584400   -0.0283013100   -0.0003904500
   0.0036574400    0.5863554200    0.0029418100
   0.1138779400   -0.1559088300   -0.0003592200
   0.0276276700   -0.0349938100   -0.0006385500
   0.0023587400    0.0048907600   -0.0010558600
  -0.0034435500   -0.1901008300   -0.0012726100
  -0.0014480400   -0.0028805000   -0.0014431300
  -0.0062457600   -0.0071729500   -0.0014768800
  -0.0070548100   -0.0077067800   -0.0012468300
   0.0230315100    0.0097260900    0.0020677300
  -0.0047386100   -0.0069041900    0.0003970800
  -0.0029946300   -0.0028838600    0.0002281000
  -0.0131888400    0.0040393200    0.0018990300
   0.0036647100   -0.0133872900   -0.0005658400

3    
  0.0000000000000000   0.0000000000000000   0.0100000000000000
  -0.0014588100    0.0012474700    0.0614267700
   0.0055532800   -0.0044042600   -0.0060657000
   0.0034045500   -0.0042824500   -0.1587873500
   0.0014135400    0.0024080200    0.0631338200
   0.0011984000   -0.0062878000   -0.0063914000
   0.0004320200    0.0015733000    0.0055602600
  -0.0047074100    0.0040059200    0.0597432900
  -0.0015807900    0.0021090200    0.0016253100
  -0.0035787200   -0.0133137300   -0.0004771700
  -0.0057603100    0.0334235300   -0.0027594600
   0.0078129900    0.0018052300   -0.0016320200
  -0.0051309800   -0.0017609800   -0.0066078200
  -0.0030526500   -0.0034803400    0.0010475600
   0.0012694500   -0.0047321100   -0.0019836200
   0.0041854500   -0.0083108200   -0.0078324700

3    
  0.0000000000000000   0.0000000000000000  -0.0100000000000000
   0.0005248500    0.0014509700   -0.0608925400
   0.0044163500   -0.0031202900    0.0054058000
  -0.0021611700    0.0016243700    0.1589353500
   0.0040340900    0.0014141200   -0.0623925400
   0.0017671900   -0.0066900300    0.0058911000
   0.0011183400    0.0021316300   -0.0071109400
  -0.0042530800   -0.0001983200   -0.0651036000
   0.0005337400    0.0160184900   -0.0009661600
  -0.0060956100    0.0246273800    0.0018782600
  -0.0056190800   -0.0204842300    0.0021861400
   0.0077139000    0.0019337400    0.0049543100
  -0.0050947600   -0.0018898700    0.0070826700
  -0.0030479200   -0.0035243600   -0.0007978100
   0.0018997000   -0.0048973500    0.0045750500
   0.0042634700   -0.0083962500    0.0063549200

4    
  0.0100000000000000   0.0000000000000000   0.0000000000000000
   0.0516216800    0.0172040900   -0.0003647900
   0.0180516300   -0.0264345200   -0.0002778700
   0.2425504200   -0.1043439200   -0.0011583900
  -0.6452300600   -0.0365999300    0.0059969700
   0.1145627200    0.0238037400   -0.0007645900
  -0.0241377900    0.0294450000   -0.0006557000
  -0.0078512300   -0.0025190300   -0.0029708800
  -0.0011076500    0.0108987500    0.0002879000
  -0.0051304400    0.0071070300    0.0003446700
  -0.0054853300    0.0075328200    0.0002989600
   0.0108368300    0.0050369100    0.0014899600
  -0.0053983400   -0.0026612300    0.0002596300
   0.0011321500   -0.0004871500    0.0000158800
   0.2541273500    0.1071187300   -0.0017465100
   0.0014580800   -0.0351012900   -0.0007552700

4    
 -0.0100000000000000   0.0000000000000000   0.0000000000000000
  -0.0550155100   -0.0153692000    0.0009367000
  -0.0081995000    0.0190909500   -0.0003937000
  -0.2526394400    0.1120591100    0.0014645400
   0.6522133500    0.0198908800   -0.0051657100
  -0.1113478000   -0.0346882500    0.0002378200
   0.0259699600   -0.0259261500   -0.0008848100
  -0.0011839900    0.0068926200   -0.0023517900
   0.0000137300    0.0072352800    0.0003436100
  -0.0045821000    0.0040490800    0.0010338500
  -0.0059195700    0.0051892500   -0.0008975300
   0.0046770100   -0.0013089300    0.0018348800
  -0.0048072600   -0.0009298800    0.0002126400
  -0.0072357800   -0.0065524600    0.0002367600
  -0.2389379300   -0.1078640600    0.0041200800
   0.0069948200    0.0182317600   -0.0007273300

4    
  0.0000000000000000   0.0100000000000000   0.0000000000000000
  -0.0194351100   -0.0495417500    0.0010605000
  -0.0189891900    0.0376654800   -0.0003115300
  -0.0546433400    0.1567685800    0.0006026600
  -0.0239887200   -0.6336363300    0.0018093800
  -0.0232438600    0.3032016200   -0.0007919700
   0.0655625800    0.0280154100   -0.0014366900
  -0.0318746300    0.0265735600   -0.0025506200
  -0.0007637200    0.0148770200    0.0003416600
  -0.0069722300    0.0042904300    0.0009460800
  -0.0077417500    0.0059029400   -0.0007353500
   0.0116448500    0.0025096600    0.0016788100
  -0.0059249000   -0.0010198900    0.0001878200
  -0.0010556300   -0.0042649800    0.0001465800
   0.1107456400    0.1065995200   -0.0002126700
   0.0066800200    0.0020587400   -0.0007346600

4    
  0.0000000000000000  -0.0100000000000000   0.0000000000000000
   0.0173151900    0.0518698800   -0.0005025700
   0.0292839400   -0.0453905300   -0.0003611200
   0.0513314000   -0.1569720600   -0.0003923700
   0.0324780900    0.6579014100   -0.0011798000
   0.0262232700   -0.3382840700    0.0003730900
  -0.0647795800   -0.0249102200   -0.0000970300
   0.0226305600   -0.0217218000   -0.0026917200
  -0.0003251400    0.0032766100    0.0002643500
  -0.0027849500    0.0069911400    0.0004160700
  -0.0037008300    0.0069209400    0.0001376000
   0.0039280000    0.0012376000    0.0016462000
  -0.0042706700   -0.0025980900    0.0002845300
  -0.0050703300   -0.0027721300    0.0001022000
  -0.1041118300   -0.1164001200    0.0027451200
   0.0018528800   -0.0191485700   -0.0007445300

4    
  0.0000000000000000   0.0000000000000000   0.0100000000000000
  -0.0012661200    0.0016735000   -0.0074164200
   0.0052903400   -0.0041159600    0.0052606800
  -0.0010742800   -0.0004890900    0.0628546800
   0.0093847200    0.0031927100   -0.1221321300
   0.0011665300   -0.0063128000    0.0566119100
   0.0003266900    0.0014444400   -0.0085159300
  -0.0055607700    0.0023503400   -0.0057536400
  -0.0001426800    0.0087513700   -0.0008255500
  -0.0044266200    0.0062921200   -0.0001689900
  -0.0054177500    0.0057969400   -0.0011721800
   0.0077741000    0.0018187800   -0.0045229100
  -0.0050917400   -0.0018102300    0.0013052800
  -0.0031549600   -0.0035435100   -0.0063609000
  -0.0020411200   -0.0069241700    0.0345770700
   0.0042336600   -0.0081244300   -0.0037409800

4    
  0.0000000000000000   0.0000000000000000  -0.0100000000000000
  -0.0011533800    0.0005211700    0.0079706700
   0.0048598700   -0.0033658700   -0.0059355500
   0.0035787000   -0.0018979900   -0.0626717800
  -0.0017703900    0.0002078800    0.1228036300
   0.0015167300   -0.0050501800   -0.0571391100
   0.0013035700    0.0021120900    0.0069669100
  -0.0034150100    0.0019017700    0.0004381200
  -0.0009232800    0.0093661300    0.0014549800
  -0.0052896600    0.0049271600    0.0015528300
  -0.0059960100    0.0069782500    0.0005663400
   0.0077811500    0.0018992800    0.0078482700
  -0.0051268300   -0.0018036600   -0.0008319500
  -0.0029689600   -0.0034786700    0.0066131300
   0.0033623600   -0.0037207500   -0.0319015100
   0.0042411200   -0.0085966000    0.0022650400

5    
  0.0100000000000000   0.0000000000000000   0.0000000000000000
   0.0128529200    0.0258534700   -0.0000330300
   0.0589995000   -0.0237767700   -0.0006218400
  -0.0286080300   -0.0267659000   -0.0001858600
   0.1164896400   -0.0242330300    0.0001784800
  -0.6622136800    0.0300758600    0.0042838000
   0.2594793200    0.1106280300   -0.0024696500
  -0.0000464700    0.0001149500   -0.0025233700
  -0.0004415000    0.0074758700    0.0003973500
  -0.0047078800    0.0057314800    0.0007315800
  -0.0051609700    0.0066275900   -0.0002610100
   0.0076881300    0.0025492500    0.0016674900
  -0.0022308900   -0.0048189800    0.0002204800
  -0.0064501800   -0.0062861600    0.0000442600
  -0.0005522700    0.0223648200    0.0011909300
   0.2549023600   -0.1255404800   -0.0026196000

5    
 -0.0100000000000000   0.0000000000000000   0.0000000000000000
  -0.0154620200   -0.0239059500    0.0005966300
  -0.0498977400    0.0165705500   -0.0000422300
   0.0302103100    0.0252786000    0.0003830800
  -0.1094174800    0.0252414900    0.0005278800
   0.6672439100   -0.0228699600   -0.0048145900
  -0.2708036500   -0.1164400100    0.0010693100
  -0.0088883500    0.0041999100   -0.0027671800
  -0.0006024300    0.0106249700    0.0002301700
  -0.0050195700    0.0054989600    0.0006395100
  -0.0062623400    0.0061625100   -0.0003383900
   0.0079086400    0.0011475800    0.0016580900
  -0.0080566600    0.0012018600    0.0002499200
   0.0002568800   -0.0007318800    0.0002084700
   0.0036829700   -0.0318016300    0.0013911900
  -0.2348924700    0.0998229900    0.0010081400

5    
  0.0000000000000000   0.0100000000000000   0.0000000000000000
   0.0219985600    0.0417787800   -0.0003502100
   0.0227501800   -0.0561972600   -0.0003938300
  -0.0644592700    0.0278041100    0.0002927100
   0.0330062900    0.3333751300   -0.0003201900
   0.0279182400   -0.6538247300    0.0008938300
   0.0586580200    0.1630671900   -0.0012350900
  -0.0070871900   -0.0013634900   -0.0035001400
  -0.0001876200    0.0090959500    0.0008803400
  -0.0038904400    0.0056836300    0.0003751800
  -0.0044076800    0.0066724700    0.0002519600
   0.0087561500    0.0025005200    0.0016495200
  -0.0090816500   -0.0010784000    0.0002554200
   0.0231009000    0.0070172600   -0.0001325200
  -0.0005328200    0.0055820400    0.0013164600
  -0.1065416900    0.1098868000    0.0000165500

5    
  0.0000000000000000  -0.0100000000000000   0.0000000000000000
  -0.0241725700   -0.0394516500    0.0009045900
  -0.0124395900    0.0484668700   -0.0002823300
   0.0649968500   -0.0288171400   -0.0001084200
  -0.0254975200   -0.3081106800    0.0009459900
  -0.0250256800    0.6190894200   -0.0013227000
  -0.0611087300   -0.1603277600   -0.0002656200
  -0.0018617900    0.0056095600   -0.0018018500
  -0.0008646700    0.0089975200   -0.0002458500
  -0.0058208100    0.0055567100    0.0009918400
  -0.0069928300    0.0061341000   -0.0008365700
   0.0068487300    0.0012229800    0.0016761300
  -0.0011446200   -0.0025504900    0.0002157700
  -0.0295807700   -0.0143898000    0.0003872400
   0.0037413200   -0.0148241900    0.0012684800
   0.1189226900   -0.1266054400   -0.0015267000

5    
  0.0000000000000000   0.0000000000000000   0.0100000000000000
  -0.0013231600    0.0007750000    0.0061450700
   0.0045740200   -0.0036298300   -0.0079425200
   0.0011053800   -0.0003702500   -0.0060473200
   0.0028353100    0.0001682800    0.0572387100
   0.0063163200   -0.0055510500   -0.1241231000
  -0.0004602700    0.0012814500    0.0575843800
  -0.0053729200    0.0018465500   -0.0079898700
  -0.0004847400    0.0095295400   -0.0000370000
  -0.0043231100    0.0062384100    0.0006014500
  -0.0056341300    0.0051717000   -0.0005283200
   0.0077918300    0.0018592100    0.0027227600
  -0.0051524400   -0.0017992100   -0.0065184300
  -0.0030751600   -0.0035143700   -0.0023897900
   0.0016057600   -0.0049803900   -0.0014956400
   0.0015973000   -0.0070250300    0.0327796200

5    
  0.0000000000000000   0.0000000000000000  -0.0100000000000000
  -0.0009868400    0.0013351400   -0.0055862300
   0.0054881900   -0.0040101500    0.0072656900
   0.0002416200   -0.0011401000    0.0062354200
   0.0038352100    0.0013290200   -0.0565123400
  -0.0027768700   -0.0077628300    0.1235914200
   0.0032843500    0.0032833000   -0.0591712300
  -0.0035733000    0.0024523800    0.0026968300
  -0.0005596000    0.0085778500    0.0006659800
  -0.0054038000    0.0050016200    0.0007670500
  -0.0057843300    0.0076297200   -0.0000692000
   0.0077905700    0.0018648000    0.0006026600
  -0.0050975600   -0.0018075800    0.0069909100
  -0.0030540900   -0.0035451900    0.0026390200
   0.0015427200   -0.0046099800    0.0040890800
   0.0050537100   -0.0085979900   -0.0342050600

6    
  0.0100000000000000   0.0000000000000000   0.0000000000000000
  -0.0283006300   -0.0628496900    0.0009684700
   0.2616066000   -0.0631397400   -0.0008841400
   0.0585600700   -0.0024706900   -0.0002459300
  -0.0216191100    0.0668934900   -0.0001352800
   0.2733427100    0.0579748700   -0.0022024300
  -0.6154684800   -0.0082292800    0.0022391900
  -0.0037810800    0.0031089200   -0.0025713400
  -0.0007876400    0.0092534400    0.0000297200
  -0.0053831700    0.0056277200    0.0010760600
  -0.0067080100    0.0064998800   -0.0004231600
   0.0058648200    0.0033692100    0.0016421500
   0.0119789700   -0.0160851800    0.0001181700
   0.0492343700    0.0007985900    0.0000104500
  -0.0003719000   -0.0061432100    0.0012464700
   0.0218324900    0.0053916700   -0.0008684000

6    
 -0.0100000000000000   0.0000000000000000   0.0000000000000000
   0.0259298000    0.0652311400   -0.0004097200
  -0.2644679500    0.0648018400    0.0002662800
  -0.0572449400    0.0007298600    0.0004406500
   0.0284849400   -0.0634454000    0.0008414700
  -0.2569454500   -0.0619712000    0.0015465700
   0.6163392400   -0.0093702500   -0.0036809000
  -0.0051565300    0.0011284500   -0.0027264100
  -0.0002623700    0.0088403000    0.0006007200
  -0.0043319900    0.0056092500    0.0002886500
  -0.0047065800    0.0062937900   -0.0001674000
   0.0097079500    0.0003697700    0.0016812500
  -0.0228267400    0.0126415900    0.0003582000
  -0.0552517800   -0.0054665000    0.0002380100
   0.0034944000   -0.0034815000    0.0013417800
  -0.0127620000   -0.0219111300   -0.0006191400

6    
  0.0000000000000000   0.0100000000000000   0.0000000000000000
  -0.0277275600    0.0299523500    0.0002581000
  -0.1145369100    0.1636590600    0.0000354400
  -0.0003447500   -0.0039053200   -0.0001853400
   0.0312863000    0.0282412300    0.0000179000
   0.1168622600    0.1553381100   -0.0012734900
   0.0017447500   -0.6735793300    0.0005051800
  -0.0036833800    0.0034813500   -0.0019918600
  -0.0004625700    0.0089489700    0.0002114300
  -0.0051581400    0.0057084700    0.0006093100
  -0.0058990200    0.0066578200   -0.0005207200
   0.0081497000    0.0070958800    0.0016172400
   0.0096016800   -0.0119001100    0.0002299100
  -0.0000720300    0.2982283100   -0.0001976400
   0.0014086100    0.0004711900    0.0012483700
  -0.0111689300   -0.0183980000   -0.0005638300

6    
  0.0000000000000000  -0.0100000000000000   0.0000000000000000
   0.0250400500   -0.0273484800    0.0003002500
   0.1201339200   -0.1706143600   -0.0006920300
   0.0016321200    0.0024916900    0.0003751500
  -0.0240898600   -0.0246852600    0.0006865400
  -0.1100217300   -0.1680525000    0.0007280000
   0.0006030000    0.6955191500   -0.0020562000
  -0.0052497200    0.0007662800   -0.0033053400
  -0.0005735900    0.0091434400    0.0004218300
  -0.0045654900    0.0055307700    0.0007605500
  -0.0055173500    0.0061410900   -0.0000750900
   0.0073962200   -0.0033230200    0.0017079100
  -0.0197562200    0.0083366800    0.0002417700
  -0.0063248300   -0.3256164600    0.0004807300
   0.0017425100   -0.0100645300    0.0013397200
   0.0195509800    0.0017755100   -0.0009137600

6    
  0.0000000000000000   0.0000000000000000   0.0100000000000000
  -0.0011459600    0.0011700100   -0.0073768800
   0.0051025500   -0.0038623500    0.0579301700
   0.0003502700   -0.0005002400    0.0064361500
   0.0036106500    0.0008738000   -0.0073858100
  -0.0010642300   -0.0072518400    0.0581397000
   0.0037117900    0.0026901800   -0.1220768900
  -0.0044892500    0.0019608000   -0.0015059500
  -0.0005590500    0.0089605700    0.0002966800
  -0.0047876100    0.0054186600    0.0006965100
  -0.0057218800    0.0066178300   -0.0002491200
   0.0078037200    0.0018365600   -0.0051141300
  -0.0052123700   -0.0017596100   -0.0028319000
  -0.0031618700   -0.0028657800    0.0324167900
   0.0014798500   -0.0048341500   -0.0056374500
   0.0040833900   -0.0084544500   -0.0037378600

6    
  0.0000000000000000   0.0000000000000000  -0.0100000000000000
  -0.0013498000    0.0009225600    0.0079381500
   0.0064608500   -0.0043050700   -0.0586227100
   0.0009501300   -0.0010796800   -0.0062352200
   0.0033831500    0.0022124200    0.0080968700
   0.0024717800   -0.0062820000   -0.0586158300
  -0.0022018400    0.0001333400    0.1205223300
  -0.0044666000    0.0022760600   -0.0038132700
  -0.0004816600    0.0091306000    0.0003401500
  -0.0049257900    0.0058135700    0.0006767300
  -0.0056885900    0.0061679700   -0.0003419600
   0.0077718700    0.0019186000    0.0084407700
  -0.0050643900   -0.0018623800    0.0033022800
  -0.0029166800   -0.0020418500   -0.0321779200
   0.0016407700   -0.0047751000    0.0082257500
   0.0044167900   -0.0082290300    0.0022638800

7    
  0.0100000000000000   0.0000000000000000   0.0000000000000000
  -0.0023983700    0.0280997100    0.0013251900
   0.0088695800   -0.0027267500    0.0004330600
   0.0794025900   -0.0011492800   -0.0002983600
   0.0001154300   -0.0257270800   -0.0007206300
   0.0058151500   -0.0091038400   -0.0011506200
   0.0014625600    0.0026152600   -0.0007846100
  -0.5319867000    0.0041638200    0.0039795600
   0.2356520800   -0.0690411800    0.0513498400
   0.1518623100    0.0634921500   -0.1115608800
   0.0476068000    0.0254090800    0.0547425700
   0.0071268500    0.0033045300    0.0011169100
  -0.0050551900   -0.0005819700    0.0001786900
  -0.0032353900   -0.0035283400    0.0001366500
   0.0005131900   -0.0055184500    0.0019212700
   0.0042490900   -0.0097076400   -0.0006686300

7    
 -0.0100000000000000   0.0000000000000000   0.0000000000000000
  -0.0000328900   -0.0262406900   -0.0007715900
   0.0012666200   -0.0047995500   -0.0010934500
  -0.0784644800    0.0007408400    0.0001561300
   0.0067896200    0.0287764300    0.0014249400
  -0.0030245000   -0.0038773200    0.0006496500
   0.0000869700    0.0010479400   -0.0007620600
   0.5339925200   -0.0115104900    0.0025847500
  -0.2491373300    0.0942057400   -0.0551435500
  -0.1583072600   -0.0486605800    0.1068373900
  -0.0603946800   -0.0124493100   -0.0563504600
   0.0084428800    0.0003853000    0.0022046200
  -0.0051642500   -0.0030305000    0.0002948500
  -0.0028649000   -0.0034705400    0.0001128100
   0.0026178100   -0.0041586300    0.0006640300
   0.0041938600   -0.0069586400   -0.0008080500

7    
  0.0000000000000000   0.0100000000000000   0.0000000000000000
   0.0030273100    0.0217830100    0.0004042600
   0.0059821000   -0.0053082000   -0.0006536100
   0.0040127000    0.1914585500    0.0020993700
  -0.0011341800    0.0254146800    0.0005757700
  -0.0006211600   -0.0099110200   -0.0005534200
   0.0017443300    0.0031620000   -0.0009252600
   0.0037102300   -0.4356509800    0.0053426500
  -0.0857153000    0.0846849900   -0.0239230600
   0.0516067600    0.0740467200   -0.0569589900
   0.0123798900    0.0691114900    0.0709468900
   0.0061293400    0.0004041300    0.0020278400
  -0.0053067900   -0.0016565500    0.0003389300
  -0.0030455400   -0.0035073300    0.0002672600
   0.0028333000   -0.0058522400    0.0016522200
   0.0043970100   -0.0081792500   -0.0006408500

7    
  0.0000000000000000  -0.0100000000000000   0.0000000000000000
  -0.0056453200   -0.0201785500    0.0001511200
   0.0041707200   -0.0021730500   -0.0000093900
  -0.0030264600   -0.2065211600   -0.0021130700
   0.0082733100   -0.0228824500    0.0001249800
   0.0034584200   -0.0029396800    0.0000508700
  -0.0002358500    0.0004532400   -0.0006134400
  -0.0118490200    0.4581036800   -0.0100623400
   0.0831270300   -0.0678516400    0.0241712800
  -0.0605085700   -0.0640981800    0.0575966400
  -0.0235808100   -0.0575522800   -0.0707848500
   0.0094845800    0.0033433600    0.0012893000
  -0.0049148800   -0.0019515200    0.0001304000
  -0.0030561000   -0.0034870600   -0.0000203200
   0.0002537600   -0.0037762900    0.0009287900
   0.0040491900   -0.0084884200   -0.0008399900

7    
  0.0000000000000000   0.0000000000000000   0.0100000000000000
  -0.0010115600    0.0006284400   -0.0045760700
   0.0047335900   -0.0044668800   -0.0074751400
   0.0007043100   -0.0014365200    0.0626957900
   0.0031742100    0.0015754700   -0.0027446500
   0.0015397200   -0.0073008300   -0.0056122900
   0.0008494600    0.0024700800    0.0003835800
  -0.0096506500    0.0042840400   -0.4977846000
   0.0528763900   -0.0137337400    0.0558285600
  -0.1108256000   -0.0493184700    0.1420828500
   0.0521859100    0.0836179500    0.2478030300
   0.0081491700    0.0021092200    0.0053748600
  -0.0051187000   -0.0019075600    0.0001172300
  -0.0030461300   -0.0035491100    0.0010346300
   0.0012156300   -0.0045450800    0.0037710300
   0.0042242400   -0.0084270000   -0.0008988100

7    
  0.0000000000000000   0.0000000000000000  -0.0100000000000000
  -0.0014854900    0.0014993100    0.0051297000
   0.0054106100   -0.0029928900    0.0067748900
   0.0010276700    0.0012393600   -0.0621566500
   0.0037919700    0.0014342700    0.0034472200
   0.0012935900   -0.0056011800    0.0050742500
   0.0006937800    0.0011582600   -0.0019242600
  -0.0110369400   -0.0110141900    0.4799976000
  -0.0528887600    0.0319042900   -0.0537585800
   0.1067429100    0.0637470300   -0.1429858300
  -0.0589195000   -0.0644987400   -0.2353890900
   0.0074278400    0.0016124600   -0.0020359700
  -0.0051011600   -0.0016961500    0.0003548100
  -0.0030569900   -0.0034484400   -0.0007796600
   0.0018817500   -0.0050979000   -0.0011690600
   0.0042187400   -0.0082455100   -0.0005793700

8    
  0.0100000000000000   0.0000000000000000   0.0000000000000000
  -0.0019431600    0.0030389000   -0.0000186600
   0.0049024700   -0.0040988400   -0.0006826900
   0.0000392700    0.0001163900   -0.0010065400
   0.0028717900    0.0013676700    0.0007444800
   0.0014865800   -0.0061325200   -0.0002139700
   0.0005066500    0.0018874000   -0.0008104400
   0.2438932800   -0.0857592900    0.0523971500
  -0.2683378900    0.1038703700   -0.0603950900
   0.0115186600   -0.0016348900    0.0066647600
   0.0003838100    0.0042428000    0.0003080500
   0.0074629700    0.0015026100    0.0019950400
  -0.0051187600   -0.0018586000    0.0002645800
  -0.0030952300   -0.0035386500    0.0002129600
   0.0012147300   -0.0046202100    0.0012814400
   0.0042148300   -0.0083831500   -0.0007410600

8    
 -0.0100000000000000   0.0000000000000000   0.0000000000000000
  -0.0003995800   -0.0009813400    0.0005860600
   0.0052391300   -0.0034160500    0.0000156000
   0.0009729400   -0.0015518600    0.0011075400
   0.0039894300    0.0018035000   -0.0000368800
   0.0013218500   -0.0068055700   -0.0002898800
   0.0010322200    0.0017821200   -0.0007335500
  -0.2408930000    0.0832613400   -0.0535002700
   0.2554324600   -0.0791538100    0.0569492200
  -0.0209695000    0.0127954100   -0.0052949900
  -0.0118787900    0.0085685400   -0.0009389600
   0.0081388300    0.0022246300    0.0013248400
  -0.0050961100   -0.0017543800    0.0002070400
  -0.0030051900   -0.0034620600    0.0000360600
   0.0018920100   -0.0050258700    0.0013054700
   0.0042233000   -0.0082845900   -0.0007373000

8    
  0.0000000000000000   0.0100000000000000   0.0000000000000000
  -0.0032943600   -0.0006189800    0.0006335800
   0.0051688200   -0.0036413800   -0.0001509700
  -0.0273669900    0.0110845500   -0.0068173700
   0.0052631300    0.0073350700    0.0000418900
  -0.0001572000   -0.0064168800    0.0002173300
   0.0009696900    0.0017368100   -0.0008562600
  -0.0853028900    0.0789701100   -0.0252741100
   0.0901922300   -0.0779503600    0.0244245700
   0.0045236100    0.0022763300    0.0042247400
   0.0032447100    0.0033513200    0.0013178500
   0.0090583000    0.0019042000    0.0014561400
  -0.0051004600   -0.0018435300    0.0002422400
  -0.0029508800   -0.0035133300    0.0000941600
   0.0015474200   -0.0048327100    0.0011654000
   0.0042048800   -0.0078412200   -0.0007191900

8    
  0.0000000000000000  -0.0100000000000000   0.0000000000000000
   0.0009758000    0.0027207700   -0.0000700600
   0.0049717600   -0.0038817100   -0.0005196800
   0.0289544800   -0.0130966100    0.0070940000
   0.0016000600   -0.0042662000    0.0006569900
   0.0029921100   -0.0065161300   -0.0007341400
   0.0005563700    0.0019289200   -0.0006863900
   0.0777556700   -0.0735712000    0.0203719700
  -0.0926571200    0.0953792800   -0.0241817000
  -0.0143840500    0.0089442200   -0.0029087100
  -0.0148117100    0.0094305900   -0.0019454400
   0.0065168000    0.0018238000    0.0018692300
  -0.0051148800   -0.0017676300    0.0002300600
  -0.0031509400   -0.0034856000    0.0001563300
   0.0015584900   -0.0048090000    0.0014256500
   0.0042371600   -0.0088335100   -0.0007581200

8    
  0.0000000000000000   0.0000000000000000   0.0100000000000000
  -0.0010427000    0.0011506900    0.0001296500
   0.0050629600   -0.0038781900   -0.0001378900
  -0.0008773500    0.0009522600    0.0014071100
   0.0033959200    0.0015934000   -0.0007910600
   0.0014971200   -0.0059046600   -0.0006117100
   0.0004807800    0.0017294200   -0.0007935500
   0.0483322000   -0.0218476400    0.0515184100
  -0.0588518500    0.0332231100   -0.0551886700
  -0.0223497000    0.0139084600   -0.0040976700
   0.0190438300   -0.0041467500    0.0058022800
   0.0075874900    0.0016749300    0.0014630500
  -0.0051055400   -0.0018202100    0.0002830400
  -0.0030617600   -0.0034893300    0.0001167100
   0.0016753000   -0.0048364800    0.0015052300
   0.0042133100   -0.0083090200   -0.0006049200

8    
  0.0000000000000000   0.0000000000000000  -0.0100000000000000
  -0.0013029300    0.0009509700    0.0004368500
   0.0050867600   -0.0036389800   -0.0005300300
   0.0021482600   -0.0025656100   -0.0011851800
   0.0034474700    0.0015150800    0.0014891100
   0.0013260400   -0.0070300200    0.0000911000
   0.0010524400    0.0019412400   -0.0007501700
  -0.0580199400    0.0262400200   -0.0580706800
   0.0583667200   -0.0153734200    0.0569147400
   0.0125737600   -0.0025710600    0.0055068400
  -0.0302012400    0.0169550000   -0.0062946800
   0.0080116300    0.0020539600    0.0018553600
  -0.0051091100   -0.0017927600    0.0001885100
  -0.0030386300   -0.0035125300    0.0001333300
   0.0014330000   -0.0048078300    0.0010879000
   0.0042257700   -0.0083640700   -0.0008730100

9    
  0.0100000000000000   0.0000000000000000   0.0000000000000000
  -0.0014624400    0.0019873100   -0.0001164600
   0.0052990600   -0.0038926700   -0.0000975100
   0.0016972900    0.0007311300    0.0012961300
   0.0031452700   -0.0005503800    0.0007959700
   0.0015736200   -0.0054976000    0.0002921600
   0.0002356800    0.0015350400   -0.0007029300
   0.1489862600    0.0565481100   -0.1084805900
   0.0155332500    0.0184707600   -0.0170288000
  -0.1693122700   -0.0563620500    0.1174205400
  -0.0106285900    0.0034782000    0.0050957500
   0.0073982000    0.0017342200    0.0014360700
  -0.0050939700   -0.0017350200    0.0002076100
  -0.0030892100   -0.0034537800   -0.0000657000
   0.0015006000   -0.0046966400    0.0007263800
   0.0042172600   -0.0082966300   -0.0007786500

9    
 -0.0100000000000000   0.0000000000000000   0.0000000000000000
  -0.0008895300    0.0001359900    0.0006638600
   0.0048479300   -0.0036343700   -0.0005707200
  -0.0003167700   -0.0022559200   -0.0012202200
   0.0036862500    0.0036317900   -0.0000667800
   0.0012536800   -0.0074277600   -0.0007879100
   0.0012886500    0.0021388000   -0.0008409600
  -0.1611912700   -0.0556401500    0.1090950500
  -0.0169545300   -0.0004369600    0.0179008500
   0.1630517700    0.0708242400   -0.1218550200
  -0.0006516700    0.0094171700   -0.0059369800
   0.0081917400    0.0019856900    0.0018911200
  -0.0051192200   -0.0018757400    0.0002648000
  -0.0030131400   -0.0035447300    0.0003136000
   0.0015972100   -0.0049424300    0.0018494700
   0.0042189100   -0.0083756300   -0.0007001700

9    
  0.0000000000000000   0.0100000000000000   0.0000000000000000
  -0.0028871900    0.0050718000   -0.0002078500
   0.0060021100   -0.0033950000    0.0008072700
   0.0221158600    0.0119716300   -0.0187621300
   0.0049509000    0.0001983000    0.0010408400
   0.0015293900   -0.0064000300    0.0003643800
   0.0007762200    0.0019197000   -0.0009685400
   0.0512300400    0.0718114500   -0.0587875500
  -0.0076909500    0.0056981800    0.0085002200
  -0.0680584400   -0.0741251900    0.0607669300
  -0.0124861400    0.0036247700    0.0055179500
   0.0078457400    0.0018645700    0.0013022500
  -0.0050736000   -0.0014264800    0.0002850700
  -0.0031181500   -0.0035114300    0.0000310800
   0.0006671800   -0.0049390300    0.0008539900
   0.0041970300   -0.0083632400   -0.0007439100

9    
  0.0000000000000000  -0.0100000000000000   0.0000000000000000
   0.0005189700   -0.0029853400    0.0007426800
   0.0041382300   -0.0041221400   -0.0014903600
  -0.0210471500   -0.0139346900    0.0191816000
   0.0018916000    0.0028986300   -0.0003240100
   0.0012954700   -0.0065270400   -0.0008722500
   0.0007580000    0.0017403300   -0.0005737500
  -0.0608468200   -0.0663430300    0.0542145900
   0.0067377900    0.0123668000   -0.0079782100
   0.0590612700    0.0845822600   -0.0601198400
   0.0011820900    0.0091492700   -0.0062158700
   0.0077437200    0.0018579400    0.0020273700
  -0.0051430400   -0.0021864800    0.0001886100
  -0.0029825100   -0.0034878400    0.0002189000
   0.0024497600   -0.0047011500    0.0017340500
   0.0042426200   -0.0083075100   -0.0007335000

9    
  0.0000000000000000   0.0000000000000000   0.0100000000000000
  -0.0009060800    0.0012457700    0.0002345500
   0.0050354500   -0.0030843700   -0.0002434000
   0.0029272600    0.0013846900   -0.0011017200
   0.0030810300    0.0018080900   -0.0004979700
   0.0014607300   -0.0067692900   -0.0003357400
   0.0011583100    0.0017549200   -0.0007623100
  -0.1163944000   -0.0566925300    0.1410590900
   0.0055661900    0.0126622700   -0.0045347800
   0.1174557200    0.0675027200   -0.1544026200
  -0.0251417800   -0.0029187000    0.0178538700
   0.0077208700    0.0018759200    0.0015770700
  -0.0050946300   -0.0017794900    0.0002579900
  -0.0030223200   -0.0034886900    0.0001374400
   0.0019339600   -0.0051313600    0.0014715800
   0.0042196900   -0.0083699500   -0.0007130400

9    
  0.0000000000000000   0.0000000000000000  -0.0100000000000000
  -0.0014493400    0.0008973000    0.0003113900
   0.0051143600   -0.0044266200   -0.0004296400
  -0.0014943000   -0.0028604000    0.0012521100
   0.0037705400    0.0012786100    0.0012235800
   0.0013678000   -0.0061501200   -0.0001706500
   0.0003699200    0.0019070600   -0.0007821100
   0.1019809800    0.0579201700   -0.1440151700
  -0.0063951700    0.0055265000    0.0050668100
  -0.1218054900   -0.0534401500    0.1531967700
   0.0134878800    0.0156590100   -0.0180695000
   0.0078618400    0.0018444700    0.0017475800
  -0.0051211000   -0.0018304700    0.0002143200
  -0.0030794900   -0.0035084700    0.0001117600
   0.0011712500   -0.0045138500    0.0011084500
   0.0042203100   -0.0083030300   -0.0007657000

10   
  0.0100000000000000   0.0000000000000000   0.0000000000000000
  -0.0009873700    0.0026447700   -0.0001538700
   0.0055530800   -0.0044253400   -0.0008966300
   0.0012902500    0.0006306300    0.0000308400
   0.0036371600   -0.0004717300    0.0006368700
   0.0019645600   -0.0051650100   -0.0001882400
  -0.0002370900    0.0016363800   -0.0007884000
   0.0501547000    0.0200875000    0.0531508800
   0.0055582700    0.0180921500    0.0248036800
  -0.0098670200   -0.0011639600   -0.0185859900
  -0.0626409400   -0.0152921900   -0.0612025200
   0.0077269500    0.0018997900    0.0021148700
  -0.0050836900   -0.0017672700    0.0002969400
  -0.0030646800   -0.0034759200    0.0002272300
   0.0017612500   -0.0049023700    0.0013141300
   0.0042345600   -0.0083274300   -0.0007597900

10   
 -0.0100000000000000   0.0000000000000000   0.0000000000000000
  -0.0013618400   -0.0005417800    0.0007230300
   0.0045863700   -0.0030887800    0.0002257400
   0.0000000600   -0.0021638600    0.0001712900
   0.0032038200    0.0035709200    0.0000588300
   0.0008658600   -0.0077537500   -0.0003381700
   0.0017654700    0.0020176600   -0.0007552000
  -0.0578477300   -0.0158715200   -0.0578219000
  -0.0067035400    0.0000358700   -0.0244405800
   0.0001098400    0.0125043300    0.0200400300
   0.0501404000    0.0279262800    0.0601569200
   0.0078550600    0.0018200500    0.0012096600
  -0.0051316600   -0.0018458800    0.0001748200
  -0.0030365400   -0.0035255900    0.0000260300
   0.0013489600   -0.0047384500    0.0012873300
   0.0042054500   -0.0083455100   -0.0007178200

10   
  0.0000000000000000   0.0100000000000000   0.0000000000000000
  -0.0026565400    0.0022781700    0.0002674300
   0.0051307100   -0.0031734800   -0.0018052800
   0.0086110200    0.0133139000    0.0268916400
   0.0046063600    0.0010410600   -0.0002325700
   0.0016449400   -0.0061898000   -0.0014848900
   0.0008680900    0.0020828200   -0.0005469900
   0.0143799500    0.0660739100    0.0709691000
  -0.0026704700    0.0059904600   -0.0101646600
  -0.0078088800    0.0028423000   -0.0085333400
  -0.0272263200   -0.0677806100   -0.0793247900
   0.0079748100    0.0018542500    0.0022502700
  -0.0050668100   -0.0016237400    0.0002185600
  -0.0030702000   -0.0035114700    0.0002945700
   0.0011015100   -0.0049011200    0.0019158900
   0.0041818300   -0.0082966400   -0.0007149300

10   
  0.0000000000000000  -0.0100000000000000   0.0000000000000000
   0.0002850500   -0.0001747800    0.0003166400
   0.0050152400   -0.0043360100    0.0011409200
  -0.0074010300   -0.0152254200   -0.0270171500
   0.0022613400    0.0020582800    0.0009487000
   0.0011778300   -0.0067285400    0.0009732900
   0.0006628700    0.0015716000   -0.0009966500
  -0.0234790300   -0.0606023800   -0.0769795700
   0.0016536800    0.0120703000    0.0109369500
  -0.0018692000    0.0083665200    0.0100432100
   0.0159950200    0.0797183200    0.0794432000
   0.0076127400    0.0018673200    0.0010721600
  -0.0051489300   -0.0019862300    0.0002516100
  -0.0030309600   -0.0034876900   -0.0000429900
   0.0020077100   -0.0047386000    0.0006743900
   0.0042576700   -0.0083726700   -0.0007647200

10   
  0.0000000000000000   0.0000000000000000   0.0100000000000000
  -0.0018268400    0.0006837800    0.0003793500
   0.0049870800   -0.0035320400   -0.0002897800
   0.0001287700    0.0003798600   -0.0022698200
   0.0040318600    0.0011110700   -0.0005224300
   0.0014580800   -0.0059136600   -0.0004903200
   0.0006358900    0.0016054800   -0.0007237900
   0.0488946500    0.0699899900    0.2326923100
   0.0001200900    0.0106851600    0.0064052600
   0.0006643300    0.0114622300    0.0185162800
  -0.0642726500   -0.0700942100   -0.2567849300
   0.0077069900    0.0018598400    0.0017434200
  -0.0051099600   -0.0017846500    0.0002035200
  -0.0030659100   -0.0034841700    0.0002092100
   0.0014308500   -0.0046729600    0.0016756700
   0.0042167700   -0.0082957200   -0.0007439600

10   
  0.0000000000000000   0.0000000000000000  -0.0100000000000000
  -0.0005426500    0.0014435800    0.0001742600
   0.0051489800   -0.0039752100   -0.0004007500
   0.0012557200   -0.0017402800    0.0026772900
   0.0028338700    0.0019812600    0.0012163900
   0.0013816900   -0.0070052900   -0.0000312300
   0.0008938900    0.0020554500   -0.0008172500
  -0.0623237900   -0.0719008200   -0.2504958900
  -0.0011228700    0.0074217800   -0.0056866800
  -0.0103695800   -0.0002758100   -0.0174038700
   0.0572070900    0.0888276800    0.2686817300
   0.0078806800    0.0018619800    0.0015910800
  -0.0051059600   -0.0018269600    0.0002677000
  -0.0030356100   -0.0035172900    0.0000429400
   0.0016749300   -0.0049720700    0.0009188900
   0.0042236200   -0.0083780000   -0.0007346300

11   
  0.0100000000000000   0.0000000000000000   0.0000000000000000
   0.2454799700   -0.1139045900    0.0003315500
   0.0021390900   -0.0012342500   -0.0003721600
   0.0194222400   -0.0160986900    0.0001460900
   0.0065219700    0.0054019500    0.0003511100
   0.0013124100   -0.0055048900   -0.0002553700
  -0.0011484300    0.0022394100   -0.0007559000
  -0.0051328100    0.0004610500   -0.0022842300
  -0.0008618200    0.0103203600    0.0001041100
  -0.0052597100    0.0056677500    0.0006124500
  -0.0057734300    0.0065792100   -0.0003851400
  -0.2546347500    0.1255800000    0.0016185400
  -0.0058794700   -0.0021551600    0.0002325200
  -0.0030671100   -0.0032961400    0.0001318100
   0.0026373600   -0.0056136800    0.0012668200
   0.0042445000   -0.0084423400   -0.0007422100

11   
 -0.0100000000000000   0.0000000000000000   0.0000000000000000
  -0.2370376100    0.1076071700    0.0002323400
   0.0076807000   -0.0060695100   -0.0003017100
  -0.0178661100    0.0143527000    0.0000456700
   0.0003627000   -0.0023157600    0.0003582500
   0.0015330200   -0.0074116100   -0.0002576300
   0.0026949100    0.0014861400   -0.0007878300
  -0.0038160300    0.0038159900   -0.0030065000
  -0.0001854900    0.0077782900    0.0005279700
  -0.0044677100    0.0055650700    0.0007535200
  -0.0056459900    0.0062158700   -0.0002128000
   0.2594442100   -0.1135855000    0.0017033800
  -0.0043160700   -0.0014839700    0.0002398000
  -0.0030523200   -0.0036990700    0.0001190500
   0.0004779700   -0.0040253300    0.0013223000
   0.0041938100   -0.0082304600   -0.0007358100

11   
  0.0000000000000000   0.0100000000000000   0.0000000000000000
  -0.1104919100    0.1175290200    0.0000148700
  -0.0213581100    0.0068885200   -0.0001901500
   0.0127606300   -0.0085876200    0.0000289700
   0.0065713200    0.0021812900    0.0003144600
   0.0021070900   -0.0058393900   -0.0002593900
   0.0022909100    0.0070187700   -0.0008133000
  -0.0029622900    0.0006740900   -0.0023987600
  -0.0008815600    0.0090831000    0.0001246000
  -0.0049857400    0.0056287300    0.0007003800
  -0.0056684700    0.0063943400   -0.0002984700
   0.1254013900   -0.1217906200    0.0018461100
  -0.0047903300   -0.0026704200    0.0002484600
  -0.0043800900   -0.0028296600    0.0001028200
   0.0022686200   -0.0053040100    0.0013155600
   0.0041185400   -0.0083761400   -0.0007361700

11   
  0.0000000000000000  -0.0100000000000000   0.0000000000000000
   0.1117239700   -0.1154811000    0.0005460500
   0.0318531900   -0.0147015900   -0.0004787000
  -0.0116734200    0.0070870800    0.0001577200
   0.0002287000    0.0009085300    0.0003948800
   0.0007082000   -0.0071171700   -0.0002530100
  -0.0007077500   -0.0034047400   -0.0007304200
  -0.0058825200    0.0036134600   -0.0028959000
  -0.0001576900    0.0090017400    0.0005039500
  -0.0047329800    0.0056212300    0.0006688100
  -0.0057480300    0.0064075400   -0.0002948200
  -0.1136163200    0.1258187100    0.0014776000
  -0.0054284800   -0.0009428100    0.0002238000
  -0.0017151400   -0.0041805600    0.0001471400
   0.0008291100   -0.0043332400    0.0012746200
   0.0043191500   -0.0082970800   -0.0007417100

11   
  0.0000000000000000   0.0000000000000000   0.0100000000000000
  -0.0020317300    0.0015919000    0.0331189800
   0.0051795700   -0.0038315000   -0.0029505200
   0.0004993700   -0.0012019200   -0.0031966500
   0.0032457300    0.0015814900   -0.0058310900
   0.0014222200   -0.0064792200    0.0008036700
   0.0007351000    0.0017819300   -0.0075490900
  -0.0050079100    0.0025068600    0.0010538500
  -0.0001836700    0.0088331400    0.0001222200
  -0.0050867000    0.0052565500    0.0006007200
  -0.0052559500    0.0069865200   -0.0002219900
   0.0088237900    0.0014142100   -0.0211731100
  -0.0050982200   -0.0018007800    0.0039760100
  -0.0030416000   -0.0035114100   -0.0001732000
   0.0015693700   -0.0047906400    0.0010993300
   0.0042306200   -0.0083371300    0.0003208800

11   
  0.0000000000000000   0.0000000000000000  -0.0100000000000000
  -0.0025790000    0.0018612800   -0.0325605200
   0.0049900700   -0.0038038000    0.0022766700
   0.0008960800   -0.0003802900    0.0033897300
   0.0035901500    0.0015495100    0.0065399100
   0.0014125700   -0.0064526000   -0.0013162200
   0.0007738700    0.0018732300    0.0060058300
  -0.0039206400    0.0017666100   -0.0063566400
  -0.0008548700    0.0092464700    0.0005143100
  -0.0046312100    0.0059819600    0.0007706600
  -0.0061609800    0.0058087000   -0.0003730800
   0.0089090600    0.0010452500    0.0244964600
  -0.0051157400   -0.0018155900   -0.0035033600
  -0.0030601200   -0.0034935500    0.0004245000
   0.0015429000   -0.0048506200    0.0014901900
   0.0042078700   -0.0083365500   -0.0017984400

12   
  0.0100000000000000   0.0000000000000000   0.0000000000000000
  -0.0034874300   -0.0011580200    0.0002784000
   0.2612736600    0.1099118800   -0.0011187100
  -0.0012828000   -0.0012419700    0.0000778500
   0.0031267800    0.0007218900    0.0003724200
   0.0043536900   -0.0104235400   -0.0002835500
   0.0182789300    0.0165705900   -0.0008464300
  -0.0044182600    0.0019391100   -0.0026544700
  -0.0005286100    0.0090546800    0.0003181400
  -0.0048497700    0.0056524700    0.0006978200
  -0.0056845100    0.0064393700   -0.0003014600
   0.0070216200    0.0021913200    0.0016718100
  -0.2766608400   -0.1235895200    0.0011127800
  -0.0039430500   -0.0037679000    0.0001369500
   0.0015839400   -0.0047253400    0.0012956500
   0.0052166700   -0.0075750100   -0.0007571900

12   
 -0.0100000000000000   0.0000000000000000   0.0000000000000000
   0.0008281200    0.0030590600    0.0002820500
  -0.2395615000   -0.1090373200    0.0003902500
   0.0025947000   -0.0004548700    0.0001126200
   0.0037197600    0.0023759900    0.0003377100
  -0.0014704500   -0.0024860700   -0.0002298200
  -0.0165273300   -0.0127946100   -0.0006984400
  -0.0045280500    0.0023296100   -0.0026373100
  -0.0005101700    0.0090414300    0.0003136000
  -0.0048758200    0.0055836000    0.0006693600
  -0.0057341700    0.0063560800   -0.0002959100
   0.0085834800    0.0015538600    0.0016540500
   0.2549030300    0.1117345500   -0.0005852900
  -0.0021762700   -0.0032382900    0.0001140900
   0.0015244400   -0.0049197700    0.0012938300
   0.0032302300   -0.0091032500   -0.0007207900

12   
  0.0000000000000000   0.0100000000000000   0.0000000000000000
   0.0259586300    0.0110221900    0.0001976300
   0.1159700700    0.1088324100   -0.0008446900
  -0.0005218500    0.0042745400    0.0001600800
   0.0025455400    0.0023517900    0.0003512900
  -0.0016147400   -0.0057103800   -0.0002520600
  -0.0136660500   -0.0083449500   -0.0007195600
  -0.0032384800    0.0022841100   -0.0027515200
  -0.0005710500    0.0090099500    0.0003014400
  -0.0047918300    0.0060002300    0.0007094900
  -0.0056699200    0.0065803000   -0.0002784700
   0.0074571000    0.0009973900    0.0016707200
  -0.1243611300   -0.1194676900    0.0007565500
  -0.0025730400   -0.0042641800    0.0001322300
   0.0016578000   -0.0048764700    0.0012929100
   0.0034189600   -0.0086892500   -0.0007260400

12   
  0.0000000000000000  -0.0100000000000000   0.0000000000000000
  -0.0279389900   -0.0086257800    0.0003591900
  -0.1027450000   -0.1166466800    0.0001602000
   0.0018676600   -0.0058568900    0.0000309900
   0.0042810000    0.0007773900    0.0003580200
   0.0044113500   -0.0071842800   -0.0002608700
   0.0150586800    0.0118864600   -0.0008230300
  -0.0056878000    0.0019908900   -0.0025405300
  -0.0004675100    0.0090861200    0.0003296500
  -0.0049330800    0.0052401700    0.0006581800
  -0.0057490200    0.0062165700   -0.0003202400
   0.0081270800    0.0027256900    0.0016550200
   0.1107959000    0.1158848700   -0.0002697700
  -0.0034819800   -0.0027326900    0.0001187500
   0.0014502400   -0.0047660500    0.0012963100
   0.0050114700   -0.0079957800   -0.0007518800

12   
  0.0000000000000000   0.0000000000000000   0.0100000000000000
  -0.0011435200    0.0011457700   -0.0026924600
   0.0032336100   -0.0049229000    0.0330418400
   0.0005148100   -0.0009733300   -0.0067487300
   0.0034460300    0.0015116500    0.0014237900
   0.0014008500   -0.0064582700   -0.0070104300
   0.0007008000    0.0018090600   -0.0038386700
  -0.0045228200    0.0022406300   -0.0027648400
  -0.0004900400    0.0090537000    0.0003635400
  -0.0048911000    0.0056685100    0.0007061600
  -0.0056479100    0.0063821000   -0.0003311700
   0.0077897400    0.0018744000    0.0054027300
  -0.0031580200   -0.0006838000   -0.0228640300
  -0.0030301700   -0.0034919600    0.0038649000
   0.0015713900   -0.0048198100    0.0023865300
   0.0042263600   -0.0083357600   -0.0009391600

12   
  0.0000000000000000   0.0000000000000000  -0.0100000000000000
  -0.0011625500    0.0010763300    0.0032522400
   0.0045688400   -0.0038850100   -0.0336912400
   0.0007597500   -0.0006552100    0.0069410300
   0.0033941800    0.0016059400   -0.0007137700
   0.0014270000   -0.0064963100    0.0064983400
   0.0009409900    0.0018254900    0.0022957400
  -0.0044070600    0.0020313900   -0.0025274400
  -0.0005494200    0.0090417900    0.0002680300
  -0.0048325600    0.0055723800    0.0006604700
  -0.0057695600    0.0064153500   -0.0002646600
   0.0077988100    0.0018493700   -0.0020770900
  -0.0048521500   -0.0017087400    0.0233075100
  -0.0030684000   -0.0035080700   -0.0036137200
   0.0015360600   -0.0048242900    0.0002030300
   0.0042160800   -0.0083404200   -0.0005384800

13   
  0.0100000000000000   0.0000000000000000   0.0000000000000000
   0.0029015800   -0.0010309100    0.0002441500
   0.0010873000   -0.0296317500   -0.0003116900
   0.0019941600   -0.0008787200    0.0000928600
   0.0075952700    0.0035822000    0.0002616800
  -0.0018966100    0.0199886800   -0.0002685200
   0.0529721700    0.0037011200   -0.0008922400
  -0.0046493500    0.0021386200   -0.0026404900
  -0.0005650000    0.0091483700    0.0003036500
  -0.0048996300    0.0055529000    0.0007118300
  -0.0057227900    0.0063798400   -0.0003140800
   0.0077829000    0.0005298800    0.0016719600
  -0.0059983000   -0.0013392000    0.0002552500
  -0.0555343700   -0.0058935800    0.0003087900
   0.0015857000   -0.0034660300    0.0012802900
   0.0033469500   -0.0087814200   -0.0007034500

13   
 -0.0100000000000000   0.0000000000000000   0.0000000000000000
  -0.0052239100    0.0031785500    0.0003148800
   0.0089709500    0.0223274100   -0.0003601500
  -0.0006998500   -0.0007608900    0.0000977500
  -0.0007708200   -0.0004333100    0.0004478300
   0.0048151400   -0.0326904700   -0.0002473500
  -0.0515198200   -0.0025463900   -0.0006470100
  -0.0042791000    0.0021324700   -0.0026518300
  -0.0004732700    0.0089479800    0.0003273200
  -0.0048246100    0.0056882300    0.0006557400
  -0.0056949600    0.0064185400   -0.0002839700
   0.0077982200    0.0031940200    0.0016535800
  -0.0042305900   -0.0022479400    0.0002170400
   0.0494943900    0.0008337800   -0.0000581700
   0.0015306500   -0.0061741600    0.0013089600
   0.0051075700   -0.0078678200   -0.0007746100

13   
  0.0000000000000000   0.0100000000000000   0.0000000000000000
  -0.0043077900    0.0004159700    0.0002822800
   0.0082106300    0.0074492700   -0.0003566600
   0.0006269400   -0.0014237500    0.0001181100
   0.0064358700    0.0008207900    0.0003220500
  -0.0013830600    0.0041526300   -0.0002405800
   0.0040418200    0.3234192900   -0.0012014100
  -0.0044955600    0.0021276400   -0.0026957100
  -0.0005569600    0.0090332200    0.0003270900
  -0.0048147900    0.0056080100    0.0006938200
  -0.0056838900    0.0063881100   -0.0002819800
   0.0079926400    0.0025310700    0.0016550800
  -0.0053732400   -0.0025751400    0.0002449900
  -0.0065580000   -0.3446729900    0.0005776000
   0.0013751700   -0.0041795700    0.0012890900
   0.0044902200   -0.0090945500   -0.0007337600

13   
  0.0000000000000000  -0.0100000000000000   0.0000000000000000
   0.0020020400    0.0017145100    0.0002770200
   0.0019680400   -0.0151126400   -0.0003167200
   0.0006670900   -0.0002153400    0.0000734600
   0.0003664500    0.0023071700    0.0003879400
   0.0041700600   -0.0172451200   -0.0002717800
  -0.0022306400   -0.3004232400   -0.0003743400
  -0.0044349500    0.0021442200   -0.0025977300
  -0.0004812200    0.0090632200    0.0003042300
  -0.0049097400    0.0056329100    0.0006740000
  -0.0057340100    0.0064097200   -0.0003155300
   0.0075904900    0.0011805800    0.0016709100
  -0.0048432900   -0.0010415000    0.0002273600
   0.0001811400    0.3186408200   -0.0002951300
   0.0017374000   -0.0054741900    0.0013003900
   0.0039511500   -0.0075811400   -0.0007440800

13   
  0.0000000000000000   0.0000000000000000   0.0100000000000000
  -0.0011969800    0.0010936200   -0.0064214900
   0.0051083300   -0.0036590500   -0.0028872900
   0.0006450400   -0.0009130600    0.0010189900
   0.0033187000    0.0015731500   -0.0061317400
   0.0013763600   -0.0066837100   -0.0027700500
   0.0006364700    0.0001440100    0.0315335000
  -0.0044548000    0.0022774000   -0.0017409000
  -0.0004299700    0.0090163600    0.0003082800
  -0.0050518000    0.0055258700    0.0006980100
  -0.0056081400    0.0065673500   -0.0002154000
   0.0077978900    0.0018399500    0.0013644200
  -0.0050968200   -0.0017994700    0.0039755100
  -0.0028514600   -0.0018003700   -0.0226613600
   0.0015452700   -0.0048585400    0.0010277900
   0.0042619100   -0.0083235100    0.0029017300

13   
  0.0000000000000000   0.0000000000000000  -0.0100000000000000
  -0.0011607200    0.0010092200    0.0069817800
   0.0049477000   -0.0037719600    0.0022134900
   0.0006490300   -0.0007095900   -0.0008265400
   0.0035362800    0.0015280400    0.0068419500
   0.0015372600   -0.0061634300    0.0022592400
   0.0008642700    0.0008246500   -0.0330662000
  -0.0044784100    0.0019874200   -0.0035547900
  -0.0006075700    0.0090789100    0.0003247400
  -0.0046721500    0.0057140100    0.0006720400
  -0.0058090500    0.0062299200   -0.0003813500
   0.0077856800    0.0018847400    0.0019619600
  -0.0051192600   -0.0018125700   -0.0035028100
  -0.0032180300   -0.0026691300    0.0228938700
   0.0015669300   -0.0047813200    0.0015617700
   0.0041780600   -0.0083489000   -0.0043791500

14   
  0.0100000000000000   0.0000000000000000   0.0000000000000000
   0.0016295000   -0.0029018000    0.0001661500
   0.0048912400   -0.0046430200   -0.0003233000
   0.0191626700    0.0138611900   -0.0002164000
   0.2442529100    0.1048993500   -0.0022512400
  -0.0005485800   -0.0084968200   -0.0002274700
  -0.0011742200    0.0017009700   -0.0008513700
  -0.0055073500    0.0034275800   -0.0029794000
  -0.0008577000    0.0090369300    0.0004359000
  -0.0049095300    0.0047307000    0.0010658800
  -0.0055023100    0.0059452300   -0.0004220500
   0.0088703100    0.0025827900    0.0016757200
  -0.0050770700   -0.0017024900    0.0002529300
  -0.0030146300   -0.0036762900    0.0001146500
  -0.2556263700   -0.1167433700    0.0042373300
   0.0034111400   -0.0080209500   -0.0006773200

14   
 -0.0100000000000000   0.0000000000000000   0.0000000000000000
  -0.0040073600    0.0049824200    0.0003945000
   0.0052422000   -0.0028543700   -0.0003503900
  -0.0181160300   -0.0156034100    0.0004150400
  -0.2488200000   -0.1101138800    0.0031568500
   0.0036889700   -0.0042205500   -0.0002897000
   0.0026931800    0.0020333800   -0.0006906300
  -0.0034016900    0.0008493200   -0.0023129600
  -0.0001795600    0.0090484200    0.0001937000
  -0.0048115800    0.0065140200    0.0003029000
  -0.0059139500    0.0068526100   -0.0001762700
   0.0067110000    0.0011429000    0.0016497100
  -0.0051365800   -0.0019099200    0.0002189600
  -0.0030687400   -0.0033150100    0.0001362800
   0.2701124500    0.1152712000   -0.0018466200
   0.0050076900   -0.0086771300   -0.0008013600

14   
  0.0000000000000000   0.0100000000000000   0.0000000000000000
  -0.0043401500    0.0019601500    0.0002756000
   0.0043829100   -0.0031048400   -0.0003307200
  -0.0125172700   -0.0096031200    0.0001744900
   0.1092485800    0.1131656400   -0.0012267000
   0.0283221900    0.0035947500   -0.0004373700
  -0.0005909900    0.0070777900   -0.0008015000
  -0.0051821100    0.0011073600   -0.0023701700
  -0.0003181400    0.0090418900    0.0003026100
  -0.0047412000    0.0054975100    0.0003728400
  -0.0057895800    0.0063142600   -0.0001483100
   0.0070046400    0.0013764600    0.0016931800
  -0.0050087300   -0.0018606000    0.0002382100
  -0.0016998000   -0.0028600500    0.0000865400
  -0.1126746400   -0.1224863400    0.0028913700
   0.0039043000   -0.0092208600   -0.0007200700

14   
  0.0000000000000000  -0.0100000000000000   0.0000000000000000
   0.0020317200    0.0001296100    0.0002831000
   0.0057673400   -0.0044351800   -0.0003422600
   0.0139907200    0.0080833900    0.0000096600
  -0.1055624100   -0.1098470300    0.0019772100
  -0.0258483600   -0.0168108000   -0.0000662100
   0.0020714400   -0.0034593100   -0.0007415800
  -0.0038217000    0.0031815000   -0.0029226300
  -0.0007237000    0.0090646700    0.0003310900
  -0.0049847200    0.0057342000    0.0009899300
  -0.0056252500    0.0064766300   -0.0004464200
   0.0085926100    0.0023487000    0.0016334900
  -0.0052053900   -0.0017521900    0.0002341200
  -0.0044071800   -0.0041523100    0.0001634500
   0.1191869800    0.1128920400   -0.0003451800
   0.0045379100   -0.0074539200   -0.0007577500

14   
  0.0000000000000000   0.0000000000000000   0.0100000000000000
  -0.0010980500    0.0011398900   -0.0059885000
   0.0050874200   -0.0037687700    0.0007288900
   0.0004826500   -0.0014114300   -0.0031843300
   0.0016305700    0.0007185600    0.0335572300
   0.0012939300   -0.0064993900   -0.0030490800
   0.0007305700    0.0017888900   -0.0077038100
  -0.0038438600    0.0024936100   -0.0001815400
  -0.0005352100    0.0089175500    0.0005257200
  -0.0054204500    0.0051758400    0.0008677500
  -0.0056919600    0.0070175000    0.0000811100
   0.0077645600    0.0018815100    0.0014678100
  -0.0051059000   -0.0018079200    0.0013280000
  -0.0030643700   -0.0035048200   -0.0001412600
   0.0035055600   -0.0038089400   -0.0214307800
   0.0042645200   -0.0083320800    0.0031227700

14   
  0.0000000000000000   0.0000000000000000  -0.0100000000000000
  -0.0012364700    0.0009915300    0.0065456000
   0.0050499200   -0.0037480200   -0.0014017900
   0.0007163800   -0.0001792100    0.0033744000
   0.0074973600    0.0036781000   -0.0329270200
   0.0014997700   -0.0065498600    0.0025358300
   0.0008254400    0.0018733500    0.0061589100
  -0.0051007600    0.0017734100   -0.0051208900
  -0.0005096200    0.0091772900    0.0001088000
  -0.0042986700    0.0060556200    0.0005058900
  -0.0057191000    0.0057758600   -0.0006774200
   0.0078191700    0.0018412700    0.0018583900
  -0.0051086000   -0.0018053700   -0.0008552700
  -0.0030359200   -0.0034956100    0.0003924800
  -0.0025727400   -0.0070435100    0.0241013600
   0.0041738400   -0.0083448500   -0.0045992500

15   
  0.0100000000000000   0.0000000000000000   0.0000000000000000
  -0.0014382200    0.0019107300    0.0002776100
   0.0081361400    0.0001567000   -0.0004213000
  -0.0012324100   -0.0002698500    0.0000562800
   0.0008070600    0.0038602700    0.0003499200
   0.2408535600   -0.1150299400   -0.0019266600
   0.0179449200   -0.0134685500   -0.0009361200
  -0.0044289800    0.0023081300   -0.0026434400
  -0.0005249500    0.0090296400    0.0003088300
  -0.0048640100    0.0055979900    0.0006831700
  -0.0056952400    0.0063604900   -0.0003019000
   0.0078195600    0.0017599000    0.0016740700
  -0.0041173700   -0.0026037200    0.0002398500
  -0.0039234400   -0.0032348700    0.0001666600
   0.0007455300   -0.0051242100    0.0013399700
  -0.2500821600    0.1087473000    0.0011330600

15   
 -0.0100000000000000   0.0000000000000000   0.0000000000000000
  -0.0009044900    0.0001855700    0.0002820500
   0.0019538300   -0.0076488700   -0.0002507800
   0.0025059700   -0.0014347200    0.0001357700
   0.0063387100   -0.0009710700    0.0003571400
  -0.2489566800    0.1105933400    0.0015341600
  -0.0166483100    0.0172626000   -0.0006025600
  -0.0044839300    0.0019618900   -0.0026487500
  -0.0005130000    0.0090609900    0.0003219500
  -0.0048612500    0.0056432900    0.0006853600
  -0.0057232500    0.0064373400   -0.0002958200
   0.0077689000    0.0019601800    0.0016515700
  -0.0061038600   -0.0010119400    0.0002321500
  -0.0021605200   -0.0037697000    0.0000831400
   0.0023424900   -0.0044923300    0.0012484500
   0.2694453800   -0.1337765700   -0.0027338300

15   
  0.0000000000000000   0.0100000000000000   0.0000000000000000
  -0.0002723100    0.0018291300    0.0002657700
   0.0080392000   -0.0031667600   -0.0003688800
   0.0020506800    0.0042284200    0.0001386300
  -0.0234269800    0.0123074000    0.0005916100
  -0.1129418900    0.1117729000    0.0005445100
   0.0144933600   -0.0083200200   -0.0008844800
  -0.0058408500    0.0022904200   -0.0027371400
  -0.0005697400    0.0095450200    0.0003423600
  -0.0048214800    0.0055931600    0.0006495900
  -0.0056990600    0.0064380700   -0.0002562800
   0.0076883000    0.0018218000    0.0016629700
  -0.0043389600   -0.0021587000    0.0002390900
  -0.0035304000   -0.0042536100    0.0001386300
   0.0018845400   -0.0057053200    0.0013005900
   0.1272855600   -0.1322219200   -0.0016269800

15   
  0.0000000000000000  -0.0100000000000000   0.0000000000000000
  -0.0020562900    0.0003030000    0.0002932600
   0.0021351500   -0.0043134900   -0.0003048800
  -0.0008066200   -0.0058083700    0.0000531600
   0.0299103200   -0.0089021700    0.0001196200
   0.1122480400   -0.1247305700   -0.0010294200
  -0.0128099500    0.0118516900   -0.0006598000
  -0.0030923300    0.0019832400   -0.0025556200
  -0.0004717300    0.0085528900    0.0002880800
  -0.0049015300    0.0056486100    0.0007165400
  -0.0057179900    0.0063603300   -0.0003388400
   0.0078996100    0.0019013300    0.0016628200
  -0.0058669700   -0.0014653200    0.0002331600
  -0.0026167300   -0.0027421200    0.0001129700
   0.0012280600   -0.0039366000    0.0012887200
  -0.1150810300    0.1152975500    0.0001202200

15   
  0.0000000000000000   0.0000000000000000   0.0100000000000000
  -0.0011836000    0.0010028900    0.0012791300
   0.0049688700   -0.0037944200   -0.0069401700
   0.0007065400   -0.0009917200   -0.0069982400
   0.0033887700    0.0016166100   -0.0026480600
   0.0007516700   -0.0063699100    0.0332139600
   0.0005868800    0.0019958500   -0.0037738000
  -0.0043953100    0.0022349500   -0.0028064000
  -0.0005223600    0.0090678500    0.0004492500
  -0.0049009100    0.0056150000    0.0007096400
  -0.0057299300    0.0064239800   -0.0003019000
   0.0077903100    0.0018638900    0.0027227900
  -0.0051279100   -0.0017950700    0.0000358900
  -0.0030161500   -0.0034938800    0.0037665200
   0.0016163600   -0.0048007300    0.0051559900
   0.0050667800   -0.0085752800   -0.0238645800

15   
  0.0000000000000000   0.0000000000000000  -0.0100000000000000
  -0.0011589800    0.0011177500   -0.0007194100
   0.0051708300   -0.0037473800    0.0062659700
   0.0006050300   -0.0006332400    0.0071886900
   0.0034197900    0.0016079300    0.0033580100
   0.0043783500   -0.0079135700   -0.0337765300
   0.0008357100    0.0016396000    0.0022280500
  -0.0045347200    0.0020403100   -0.0024866900
  -0.0005170400    0.0090288400    0.0001814300
  -0.0048236300    0.0056253000    0.0006581700
  -0.0056883400    0.0063737300   -0.0002944700
   0.0077960800    0.0018584400    0.0006031000
  -0.0050927900   -0.0018221200    0.0004365300
  -0.0030875400   -0.0035075100   -0.0035147900
   0.0014930000   -0.0048382300   -0.0025662000
   0.0012042600   -0.0068298400    0.0224381500
