15   
90   

1    
  0.0050000000000000   0.0000000000000000   0.0000000000000000
  -0.3268235600    0.0122848700    0.0007839000
   0.0615233000   -0.0154363700   -0.0004323700
   0.1291267000    0.0547044300   -0.0004089700
   0.0302080800   -0.0076695900    0.0003257700
   0.0085272900    0.0050996300   -0.0003400700
  -0.0128323300   -0.0113719400   -0.0007209000
  -0.0050466100    0.0043224400   -0.0025311300
  -0.0009040700    0.0079700800    0.0003826600
  -0.0049988700    0.0047695100    0.0008190900
  -0.0056145400    0.0056585900   -0.0006186100
   0.1269873600   -0.0525888100    0.0017994600
  -0.0061891900    0.0116411100    0.0002421400
  -0.0010196300   -0.0050813700    0.0001172600
   0.0029708600   -0.0064155900    0.0013277200
   0.0040852100   -0.0078869900   -0.0007459500

1    
 -0.0050000000000000   0.0000000000000000   0.0000000000000000
   0.3240623900   -0.0151350300   -0.0001981200
  -0.0514485900    0.0084209900   -0.0002427300
  -0.1247959300   -0.0540125700    0.0005832700
  -0.0231079100    0.0107092000    0.0003823000
  -0.0056279300   -0.0179908600   -0.0001729900
   0.0142870100    0.0150086800   -0.0008220600
  -0.0038627900   -0.0000185300   -0.0027686100
  -0.0001360600    0.0101060900    0.0002499500
  -0.0047146300    0.0064717300    0.0005467700
  -0.0058011400    0.0071278500    0.0000232100
  -0.1142484200    0.0585546200    0.0015257100
  -0.0040326800   -0.0153072200    0.0002303200
  -0.0050814500   -0.0019269700    0.0001337300
   0.0001559100   -0.0032269300    0.0012612100
   0.0043522100   -0.0087810500   -0.0007319400

1    
  0.0000000000000000   0.0050000000000000   0.0000000000000000
   0.0125245300   -0.3170069700    0.0008064900
   0.0199700300    0.1512131900   -0.0007266200
   0.0270423500    0.0770460000    0.0000401800
   0.0115306500   -0.0237638400    0.0006431100
   0.0138338600    0.0138117100   -0.0003965100
  -0.0311590900    0.0160831200   -0.0007100200
   0.0091697400    0.0126903600   -0.0028591000
   0.0004873400    0.0082185500    0.0003647800
  -0.0043976500    0.0076401200    0.0007649900
  -0.0049111300    0.0070159700   -0.0004843400
  -0.0480507200    0.0601405400    0.0015938300
  -0.0061730100    0.0030567000    0.0002527800
  -0.0040997300   -0.0038286100    0.0001459900
  -0.0004149200   -0.0043609700    0.0013319300
   0.0046477400   -0.0079558800   -0.0007675000

1    
  0.0000000000000000  -0.0050000000000000   0.0000000000000000
  -0.0148963200    0.3243660200   -0.0002604300
  -0.0100364900   -0.1641865700    0.0000755100
  -0.0247019900   -0.0784183000    0.0001419400
  -0.0047523800    0.0269452500    0.0000664800
  -0.0110457400   -0.0268066200   -0.0001156300
   0.0328848100   -0.0125681100   -0.0008333000
  -0.0180007000   -0.0082875400   -0.0024227600
  -0.0015223800    0.0098883700    0.0002652400
  -0.0053219600    0.0036110000    0.0005914600
  -0.0065062300    0.0057884500   -0.0001065200
   0.0626466400   -0.0563890000    0.0017283700
  -0.0040663600   -0.0067692900    0.0002190900
  -0.0019949700   -0.0031781500    0.0001041900
   0.0035275200   -0.0052760100    0.0012568700
   0.0037865400   -0.0087195100   -0.0007105300

1    
  0.0000000000000000   0.0000000000000000   0.0050000000000000
  -0.0007739700    0.0016357800   -0.0607568700
   0.0048430400   -0.0036664800    0.0283872400
   0.0004828900   -0.0012165900    0.0306797300
   0.0031032200    0.0019579700   -0.0034917900
   0.0012567200   -0.0067762500    0.0026763500
   0.0010991000    0.0018066700   -0.0046002800
  -0.0039396700    0.0021970400   -0.0050758300
  -0.0006703100    0.0092214900    0.0002401400
  -0.0050552600    0.0053830700    0.0006647400
  -0.0059276300    0.0063845200   -0.0002482800
   0.0080407300    0.0015963600    0.0180790200
  -0.0051126800   -0.0018525500   -0.0012505900
  -0.0030654900   -0.0035030900   -0.0032252400
   0.0015007800   -0.0048242800   -0.0018390900
   0.0042185300   -0.0083436500   -0.0002392400

1    
  0.0000000000000000   0.0000000000000000  -0.0050000000000000
  -0.0017558400    0.0005689200    0.0613117900
   0.0053405500   -0.0034674900   -0.0290642800
   0.0005052100   -0.0005991500   -0.0304781100
   0.0037538000    0.0011755800    0.0042017300
   0.0015708400   -0.0061482100   -0.0031892300
   0.0004100100    0.0018287100    0.0030572800
  -0.0049888300    0.0020699900   -0.0002226500
  -0.0003681700    0.0088698300    0.0003938100
  -0.0046646500    0.0058585100    0.0007027600
  -0.0054888000    0.0064091500   -0.0003492800
   0.0079905200    0.0018622400   -0.0147526400
  -0.0051119100   -0.0017723300    0.0017221500
  -0.0030301600   -0.0035050600    0.0034767800
   0.0016156400   -0.0048202700    0.0044282500
   0.0042218000   -0.0083304400   -0.0012383500

2    
  0.0050000000000000   0.0000000000000000   0.0000000000000000
   0.0552695700    0.0157979700    0.0000316300
  -0.3291040100   -0.0133928600    0.0006068100
  -0.0125533900    0.0132231700    0.0003802700
   0.0100134400   -0.0105333200    0.0004623700
   0.0287644500    0.0023661300   -0.0004853600
   0.1337945800   -0.0580529400   -0.0011173200
  -0.0025638400    0.0025953700   -0.0028150000
  -0.0006021300    0.0090959300    0.0003111300
  -0.0047469800    0.0060869000    0.0006638200
  -0.0054672800    0.0064278600   -0.0003386400
   0.0064069800   -0.0114193700    0.0017103400
   0.1185594600    0.0517769000   -0.0000892900
  -0.0050111900   -0.0019393300    0.0001666300
   0.0014647000   -0.0051709000    0.0013028100
   0.0057756300   -0.0068615000   -0.0007902000

2    
 -0.0050000000000000   0.0000000000000000   0.0000000000000000
  -0.0577028200   -0.0142004600    0.0005283000
   0.3390054500    0.0109178300   -0.0012837900
   0.0137759300   -0.0148182100   -0.0001882500
  -0.0031109500    0.0136077900    0.0002477100
  -0.0256785800   -0.0152326600   -0.0000296900
  -0.1291819400    0.0592957800   -0.0004373100
  -0.0063643400    0.0016865400   -0.0024776800
  -0.0004376500    0.0089983700    0.0003204100
  -0.0049754400    0.0051548200    0.0007017200
  -0.0059491200    0.0063695900   -0.0002567500
   0.0091768500    0.0151878400    0.0016154300
  -0.1318135800   -0.0576107900    0.0005769100
  -0.0010686400   -0.0050635300    0.0000844100
   0.0016419700   -0.0044786600    0.0012867400
   0.0026828600   -0.0098142600   -0.0006881500

2    
  0.0000000000000000   0.0050000000000000   0.0000000000000000
  -0.0131028000    0.1614867700    0.0001715000
  -0.0073159900   -0.3222517200    0.0003126700
   0.0338633400    0.0114155400   -0.0002279200
  -0.0079856300    0.0223508600    0.0001667000
  -0.0086941000   -0.0326618200   -0.0001609900
  -0.0305952500    0.0852420800   -0.0006616100
  -0.0039457600    0.0013498200   -0.0030152500
  -0.0006916900    0.0091085400    0.0002557200
  -0.0049228500    0.0058037400    0.0010181100
  -0.0060433000    0.0066920200   -0.0001842900
   0.0089899300    0.0073098600    0.0016555100
   0.0491595600    0.0546027200   -0.0000215300
  -0.0159934600    0.0020921500    0.0001537300
   0.0011051100   -0.0044880100    0.0012887500
   0.0061728800   -0.0080525200   -0.0007511200

2    
  0.0000000000000000  -0.0050000000000000   0.0000000000000000
   0.0107618300   -0.1539124300    0.0003703700
   0.0170171600    0.3093902800   -0.0009655500
  -0.0323772500   -0.0129198900    0.0004143400
   0.0147716100   -0.0191796200    0.0005421400
   0.0114727800    0.0196750800   -0.0003515200
   0.0332704500   -0.0819023400   -0.0008832500
  -0.0049828300    0.0029176800   -0.0022790500
  -0.0003504200    0.0089879500    0.0003752800
  -0.0047961500    0.0054393600    0.0003475400
  -0.0053744400    0.0061102800   -0.0004074500
   0.0065735600   -0.0034837500    0.0016695700
  -0.0602419000   -0.0581544000    0.0004968200
   0.0099874000   -0.0091890900    0.0000971400
   0.0019993100   -0.0051533500    0.0013005800
   0.0022689100   -0.0086257700   -0.0007269600

2    
  0.0000000000000000   0.0000000000000000   0.0050000000000000
  -0.0012458500    0.0004572900    0.0290071900
   0.0059274900   -0.0031697700   -0.0622683600
   0.0005643300   -0.0007766700   -0.0027719200
   0.0034419200    0.0015682900    0.0031542200
   0.0012779800   -0.0065091800   -0.0040579100
   0.0003180300    0.0021344500    0.0283667600
  -0.0040800100    0.0019777200   -0.0062086500
  -0.0006933400    0.0091396600    0.0004138900
  -0.0047435100    0.0061960300    0.0007300700
  -0.0059894200    0.0056635900   -0.0002705500
   0.0077716800    0.0019388300    0.0003561300
  -0.0052568200   -0.0019324600    0.0169120300
  -0.0030349800   -0.0035169700   -0.0011496900
   0.0015614600   -0.0048189900    0.0018274300
   0.0041810300   -0.0083518200   -0.0040406300

2    
  0.0000000000000000   0.0000000000000000  -0.0050000000000000
  -0.0010599000    0.0012612800   -0.0284445500
   0.0040333600   -0.0044489100    0.0615927300
   0.0007133000   -0.0008305700    0.0029636900
   0.0033874400    0.0015457700   -0.0024441300
   0.0015712600   -0.0064552500    0.0035460600
   0.0008925200    0.0017656900   -0.0299076100
  -0.0048434000    0.0023018100    0.0009167700
  -0.0003440500    0.0089555000    0.0002178400
  -0.0049804900    0.0050474400    0.0006373000
  -0.0054285000    0.0071366700   -0.0003267800
   0.0078061300    0.0017950400    0.0029696300
  -0.0045038500   -0.0014306100   -0.0164462500
  -0.0030593900   -0.0034991300    0.0014005500
   0.0015485200   -0.0048242700    0.0007620000
   0.0042670500   -0.0083204600    0.0025627600

3    
  0.0050000000000000   0.0000000000000000   0.0000000000000000
   0.1241805200    0.0258474300    0.0002815300
  -0.0081107000    0.0293235800   -0.0004125400
  -0.3085489600   -0.0001549000    0.0014976300
   0.1287266800   -0.0260321900   -0.0008202000
  -0.0132780900   -0.0388723600   -0.0000421200
   0.0297214300    0.0013574100   -0.0009216300
   0.0350129500    0.0037932000   -0.0027095600
  -0.0007632200   -0.0050160200   -0.0004516000
  -0.0043651800    0.0164158800    0.0017750800
  -0.0053947600    0.0103892700   -0.0005824800
   0.0170337200    0.0079568000    0.0015646100
  -0.0060784200   -0.0024064500    0.0001745700
  -0.0023773000   -0.0035101900    0.0001247800
   0.0109551100   -0.0114658400    0.0012353300
   0.0032862100   -0.0076256100   -0.0007133800

3    
 -0.0050000000000000   0.0000000000000000   0.0000000000000000
  -0.1297422500   -0.0259098000    0.0003039100
   0.0182203200   -0.0369145100   -0.0002635100
   0.3100504800    0.0032380500   -0.0012862900
  -0.1188475700    0.0269719000    0.0015069900
   0.0161289700    0.0258593700   -0.0004736900
  -0.0281830200    0.0023489400   -0.0006215200
  -0.0439189100    0.0002766600   -0.0025474900
  -0.0002938500    0.0231425300    0.0010625800
  -0.0053731300   -0.0051663900   -0.0004336700
  -0.0060404100    0.0023820000   -0.0000225200
  -0.0016087200   -0.0042628300    0.0017630500
  -0.0041386300   -0.0012111100    0.0002974200
  -0.0037239900   -0.0034890700    0.0001268400
  -0.0076842300    0.0017877000    0.0013521000
   0.0051549500   -0.0090534400   -0.0007642000

3    
  0.0000000000000000   0.0050000000000000   0.0000000000000000
   0.0526654400    0.0786924200   -0.0000251400
   0.0190465000    0.0083514300   -0.0003065100
  -0.0011440800   -0.2986358300   -0.0014084500
  -0.0500742600    0.0798556800    0.0007045100
  -0.0115517400    0.0076351900   -0.0000637300
  -0.0000360300    0.0001978800   -0.0006262100
  -0.0049181600    0.1032653100   -0.0033076300
  -0.0001257900    0.0151349000    0.0011958800
  -0.0040924000    0.0121368900    0.0017372000
  -0.0049978200    0.0135731300    0.0002590000
   0.0001844700   -0.0020490100    0.0014548100
  -0.0053113300    0.0007185200    0.0001541900
  -0.0030786600   -0.0038014400    0.0000726700
   0.0089177700   -0.0092386400    0.0009866000
   0.0045161000   -0.0058364300   -0.0008272000

3    
  0.0000000000000000  -0.0050000000000000   0.0000000000000000
  -0.0560450800   -0.0767715200    0.0005933700
  -0.0090012400   -0.0159787600   -0.0003645300
   0.0022470400    0.2941861600    0.0015451500
   0.0580746500   -0.0770394900    0.0000002800
   0.0144766300   -0.0206772100   -0.0004479100
   0.0015642700    0.0033956800   -0.0009148600
  -0.0039730700   -0.0956460800   -0.0019678400
  -0.0009604200    0.0030439200   -0.0005640800
  -0.0055796000   -0.0008148900   -0.0003878200
  -0.0063945600   -0.0006933900   -0.0008002100
   0.0154098800    0.0057860000    0.0018672100
  -0.0049168800   -0.0043474700    0.0003170600
  -0.0030226100   -0.0031939500    0.0001772400
  -0.0058151100   -0.0003953200    0.0015988100
   0.0039361100   -0.0108537000   -0.0006518700

3    
  0.0000000000000000   0.0000000000000000   0.0050000000000000
  -0.0014878500    0.0010794500    0.0308553200
   0.0053333900   -0.0040816600   -0.0032029100
   0.0020321900   -0.0024240800   -0.0793377900
   0.0025873800    0.0018941600    0.0317393500
   0.0012887700   -0.0063717600   -0.0033255200
   0.0005965900    0.0016968800    0.0023950600
  -0.0045823100    0.0031306100    0.0285572500
  -0.0010485500    0.0055745200    0.0009670900
  -0.0042269100   -0.0038558000    0.0000994200
  -0.0057394800    0.0198944100   -0.0015321800
   0.0078112200    0.0018308500    0.0000156800
  -0.0051173800   -0.0017794400   -0.0031863700
  -0.0030517400   -0.0034897300    0.0005865100
   0.0014039500   -0.0047784800   -0.0003449600
   0.0042007300   -0.0083199500   -0.0042859600

3    
  0.0000000000000000   0.0000000000000000  -0.0050000000000000
  -0.0004958700    0.0011815800   -0.0303023800
   0.0047648900   -0.0034392100    0.0025329600
  -0.0007514500    0.0005272200    0.0795190800
   0.0038983000    0.0013971900   -0.0310218700
   0.0015730600   -0.0065725000    0.0028159000
   0.0009400300    0.0019788200   -0.0039403900
  -0.0043556100    0.0010252300   -0.0338671900
   0.0000086300    0.0125297500   -0.0003286800
  -0.0054851700    0.0151153700    0.0012768200
  -0.0056687700   -0.0070604300    0.0009410600
   0.0077603200    0.0018958400    0.0033090900
  -0.0051011800   -0.0018443600    0.0036591000
  -0.0030493000   -0.0035109600   -0.0003360800
   0.0017204500   -0.0048603800    0.0029346200
   0.0042416600   -0.0083631400    0.0028079500

4    
  0.0050000000000000   0.0000000000000000   0.0000000000000000
   0.0253561600    0.0091684200   -0.0000439900
   0.0115953600   -0.0151218700   -0.0003074800
   0.1230049400   -0.0537236800   -0.0005455400
  -0.3208862900   -0.0150403700    0.0031597300
   0.0579414500    0.0084122400   -0.0005088100
  -0.0117243400    0.0156566300   -0.0007141000
  -0.0061460300   -0.0002052100   -0.0028049100
  -0.0008063600    0.0099684400    0.0003018400
  -0.0049978300    0.0063739400    0.0005129400
  -0.0055988100    0.0069751900    0.0000005300
   0.0093235000    0.0034487200    0.0015765200
  -0.0052552000   -0.0022372500    0.0002478100
  -0.0009589100   -0.0019880000    0.0000704200
   0.1263139700    0.0500081300   -0.0001983500
   0.0028383800   -0.0216953300   -0.0007466200

4    
 -0.0050000000000000   0.0000000000000000   0.0000000000000000
  -0.0279580400   -0.0071202800    0.0006065400
  -0.0015269400    0.0076447700   -0.0003653100
  -0.1245690800    0.0544265000    0.0007651500
   0.3277807400    0.0131988400   -0.0024201400
  -0.0550161300   -0.0208347000   -0.0000074100
   0.0133314300   -0.0120260000   -0.0008284600
  -0.0028104300    0.0044993300   -0.0024952900
  -0.0002466600    0.0081371900    0.0003293500
  -0.0047230900    0.0048460000    0.0008569300
  -0.0058156400    0.0058044500   -0.0005969000
   0.0062440400    0.0002753000    0.0017489900
  -0.0049589600   -0.0013712400    0.0002243900
  -0.0051428500   -0.0050208500    0.0001809000
  -0.1201940200   -0.0574315500    0.0027338000
   0.0056056400    0.0049722500   -0.0007325500

4    
  0.0000000000000000   0.0050000000000000   0.0000000000000000
  -0.0103319900   -0.0242663800    0.0006703200
  -0.0069836700    0.0169760600   -0.0003240500
  -0.0264270400    0.0778132600    0.0003464900
  -0.0104912400   -0.3186189300    0.0010912300
  -0.0109321200    0.1510457800   -0.0005354700
   0.0332578200    0.0149889100   -0.0011053000
  -0.0181304400    0.0142814000   -0.0026047500
  -0.0006344000    0.0119553200    0.0003321300
  -0.0059136100    0.0049501100    0.0008164100
  -0.0067223900    0.0061479500   -0.0005175000
   0.0097199100    0.0021828300    0.0016709600
  -0.0055202300   -0.0014136800    0.0002119600
  -0.0020499500   -0.0038783600    0.0001362400
   0.0557192900    0.0509239700    0.0005479900
   0.0054400600   -0.0030882500   -0.0007366700

4    
  0.0000000000000000  -0.0050000000000000   0.0000000000000000
   0.0080489700    0.0264377700   -0.0001113500
   0.0171599800   -0.0245485500   -0.0003489700
   0.0265684700   -0.0790930000   -0.0001511600
   0.0177419500    0.3270530200   -0.0004013800
   0.0138003000   -0.1695526700    0.0000463700
  -0.0319132900   -0.0114654900   -0.0004356300
   0.0091220500   -0.0098644400   -0.0026749800
  -0.0004168100    0.0061556600    0.0002928600
  -0.0038189700    0.0063012900    0.0005501500
  -0.0047016900    0.0066575600   -0.0000800800
   0.0058633400    0.0015459400    0.0016545700
  -0.0046906100   -0.0022010300    0.0002602200
  -0.0040575600   -0.0031313300    0.0001140000
  -0.0517290600   -0.0606056600    0.0020270500
   0.0030229400   -0.0136890900   -0.0007416700

4    
  0.0000000000000000   0.0000000000000000   0.0050000000000000
  -0.0012089100    0.0013576300   -0.0035676800
   0.0051756500   -0.0039440500    0.0024623000
  -0.0003653700   -0.0005596600    0.0314749700
   0.0063064100    0.0023404500   -0.0608783200
   0.0013117600   -0.0065875200    0.0281784300
   0.0005340100    0.0016483200   -0.0046431400
  -0.0050069000    0.0022471900   -0.0041970800
  -0.0003275200    0.0088975500   -0.0002547200
  -0.0046455500    0.0059595300    0.0002555700
  -0.0055639900    0.0061014800   -0.0007348100
   0.0077875000    0.0018406900   -0.0014300200
  -0.0050998200   -0.0018087700    0.0007705300
  -0.0031000000   -0.0035204000   -0.0031180500
  -0.0000200100   -0.0057473800    0.0179224200
   0.0042227300   -0.0082250700   -0.0022403900

4    
  0.0000000000000000   0.0000000000000000  -0.0050000000000000
  -0.0011505200    0.0007812600    0.0041258700
   0.0049629000   -0.0035688600   -0.0031358800
   0.0019616200   -0.0012650500   -0.0312862600
   0.0007255100    0.0008481400    0.0615792700
   0.0014843300   -0.0059556300   -0.0286947800
   0.0010225200    0.0019851700    0.0030981400
  -0.0039344700    0.0020215100   -0.0011013800
  -0.0007177100    0.0092045700    0.0008856000
  -0.0050770000    0.0052766400    0.0011163900
  -0.0058529700    0.0066916900    0.0001350700
   0.0077902300    0.0018814200    0.0047556600
  -0.0051181300   -0.0018063200   -0.0002980500
  -0.0030069200   -0.0034877000    0.0033690900
   0.0026831900   -0.0041448000   -0.0153116200
   0.0042274300   -0.0084620500    0.0007628900

5    
  0.0050000000000000   0.0000000000000000   0.0000000000000000
   0.0058763200    0.0134776100    0.0001228600
   0.0321633100   -0.0138079800   -0.0004802800
  -0.0140196600   -0.0138149500   -0.0000459700
   0.0599238700   -0.0110748000    0.0002671300
  -0.3306165700    0.0092825400    0.0020149300
   0.1317031900    0.0573828300   -0.0016380900
  -0.0022550500    0.0011207300   -0.0025847600
  -0.0004814300    0.0082624600    0.0003565800
  -0.0047838200    0.0056782100    0.0007065000
  -0.0054341800    0.0065151500   -0.0002789300
   0.0077394400    0.0022083700    0.0016652300
  -0.0036600000   -0.0033126100    0.0002285600
  -0.0047397300   -0.0048923100    0.0000846100
   0.0004985500    0.0087462500    0.0012437000
   0.1280857600   -0.0657715000   -0.0016620700

5    
 -0.0050000000000000   0.0000000000000000   0.0000000000000000
  -0.0082809800   -0.0114028200    0.0004376100
  -0.0222835900    0.0063646300   -0.0001905600
   0.0153897600    0.0122103000    0.0002383400
  -0.0530286500    0.0136646000    0.0004417500
   0.3340088200   -0.0172038000   -0.0025321500
  -0.1333735000   -0.0560816700    0.0001303300
  -0.0066761600    0.0031631400   -0.0027071400
  -0.0005596300    0.0098360200    0.0002735200
  -0.0049407700    0.0055612200    0.0006615600
  -0.0059849900    0.0062821700   -0.0003184400
   0.0078495500    0.0015076700    0.0016605000
  -0.0065736200   -0.0003022400    0.0002432400
  -0.0013846900   -0.0021127100    0.0001667000
   0.0026161300   -0.0183374400    0.0013438100
  -0.1167776900    0.0468509200    0.0001509400

5    
  0.0000000000000000   0.0050000000000000   0.0000000000000000
   0.0103975300    0.0213915900   -0.0000347500
   0.0138903700   -0.0299533700   -0.0003648100
  -0.0318126200    0.0134084400    0.0001946800
   0.0181256600    0.1646441500    0.0000280500
   0.0146696700   -0.3273856100    0.0003077600
   0.0302046600    0.0825750300   -0.0010085700
  -0.0057739900    0.0003894400   -0.0030720100
  -0.0003542900    0.0090734500    0.0005969800
  -0.0043761200    0.0056529400    0.0005279200
  -0.0050597700    0.0065354800   -0.0000223100
   0.0082726600    0.0021801700    0.0016562000
  -0.0070932100   -0.0014407700    0.0002458800
   0.0100720700    0.0018054000   -0.0000039800
   0.0004976900    0.0003290100    0.0013060900
  -0.0516602900    0.0507946500   -0.0003571400

5    
  0.0000000000000000  -0.0050000000000000   0.0000000000000000
  -0.0126917900   -0.0192239800    0.0005926400
  -0.0037082400    0.0223815000   -0.0003091000
   0.0329171100   -0.0148997500   -0.0000060600
  -0.0111235500   -0.1559579600    0.0006603400
  -0.0118260900    0.3089662400   -0.0007986100
  -0.0296623900   -0.0791357000   -0.0005240800
  -0.0031605500    0.0038745900   -0.0022227500
  -0.0006911600    0.0090233400    0.0000341600
  -0.0053425200    0.0055891700    0.0008372400
  -0.0063528300    0.0062664500   -0.0005682500
   0.0073192000    0.0015410400    0.0016694700
  -0.0031240900   -0.0021758700    0.0002260300
  -0.0162684600   -0.0088990100    0.0002557600
   0.0026352800   -0.0098736100    0.0012820600
   0.0610800700   -0.0674764700   -0.0011288500

5    
  0.0000000000000000   0.0000000000000000   0.0050000000000000
  -0.0012515000    0.0009190700    0.0032125800
   0.0048289600   -0.0036812400   -0.0041390600
   0.0008696200   -0.0006096200   -0.0029754800
   0.0031493100    0.0010670400    0.0287935700
   0.0037795700   -0.0059627600   -0.0621821100
  -0.0000090000    0.0014422600    0.0284106200
  -0.0049168400    0.0019865500   -0.0053180500
  -0.0005006300    0.0092872500    0.0001397600
  -0.0045929200    0.0059294300    0.0006430600
  -0.0056717300    0.0057849400   -0.0004143500
   0.0077924000    0.0018601200    0.0021928600
  -0.0051270500   -0.0018044100   -0.0031412400
  -0.0030593300   -0.0034986700   -0.0011320700
   0.0015759300   -0.0049071400   -0.0001011500
   0.0031332100   -0.0078128200    0.0160110400

5    
  0.0000000000000000   0.0000000000000000  -0.0050000000000000
  -0.0010827000    0.0011994500   -0.0026532300
   0.0052860400   -0.0038716600    0.0034649400
   0.0004377000   -0.0009935700    0.0031655500
   0.0036487600    0.0016478000   -0.0280796900
  -0.0007679800   -0.0070685700    0.0616656800
   0.0018637200    0.0024421600   -0.0299649600
  -0.0040171400    0.0022891200    0.0000251700
  -0.0005387100    0.0088117200    0.0004910500
  -0.0051327600    0.0053113000    0.0007253700
  -0.0057466200    0.0070141600   -0.0001840300
   0.0077924500    0.0018629900    0.0011327600
  -0.0050987400   -0.0018084000    0.0036134600
  -0.0030488400   -0.0035152900    0.0013824600
   0.0015438300   -0.0047218400    0.0026914200
   0.0048609900   -0.0085993800   -0.0174759600

6    
  0.0050000000000000   0.0000000000000000   0.0000000000000000
  -0.0147316500   -0.0309288400    0.0006241800
   0.1349245400   -0.0345563400   -0.0006171400
   0.0296019900   -0.0016338800   -0.0000758100
  -0.0091059200    0.0341856500    0.0001101900
   0.1356444600    0.0245964800   -0.0012109700
  -0.3071883700   -0.0005426100    0.0007211500
  -0.0041218400    0.0026249800   -0.0026079500
  -0.0006512000    0.0091508800    0.0001729300
  -0.0051246800    0.0056243100    0.0008810900
  -0.0062093000    0.0064498700   -0.0003632400
   0.0068309700    0.0026130300    0.0016527600
   0.0035140500   -0.0089673200    0.0001765600
   0.0230798300   -0.0016402700    0.0000681800
   0.0005894800   -0.0054845100    0.0012706200
   0.0129476300   -0.0014914200   -0.0008025600

6    
 -0.0050000000000000   0.0000000000000000   0.0000000000000000
   0.0123868100    0.0331108000   -0.0000648700
  -0.1280516800    0.0293410100   -0.0000421800
  -0.0283030600   -0.0000342100    0.0002675400
   0.0159478800   -0.0309872000    0.0005986700
  -0.1294344500   -0.0353023300    0.0006625700
   0.3085822400   -0.0011108800   -0.0022389800
  -0.0048098800    0.0016374200   -0.0026858300
  -0.0003901500    0.0089449100    0.0004581200
  -0.0045976300    0.0056159600    0.0004858700
  -0.0052079300    0.0063477200   -0.0002324200
   0.0087518700    0.0011132700    0.0016723800
  -0.0138883700    0.0053960300    0.0002966100
  -0.0291601300   -0.0047747100    0.0001820700
   0.0025231900   -0.0041536800    0.0013183400
  -0.0043487000   -0.0151441200   -0.0006779000

6    
  0.0000000000000000   0.0050000000000000   0.0000000000000000
  -0.0144006100    0.0154421000    0.0002690400
  -0.0541620500    0.0798891800   -0.0001525900
   0.0001512300   -0.0023983800   -0.0000450000
   0.0173035500    0.0148422300    0.0001870700
   0.0586273300    0.0744140000   -0.0007606700
   0.0011606500   -0.3381210200   -0.0001318900
  -0.0040737900    0.0028131700   -0.0023184700
  -0.0004908800    0.0089993700    0.0002633500
  -0.0050109500    0.0056649700    0.0006468900
  -0.0058046500    0.0065286300   -0.0004114500
   0.0079773800    0.0044715200    0.0016401900
   0.0022411000   -0.0068590600    0.0002331300
  -0.0015252900    0.1498682500   -0.0000399400
   0.0014759600   -0.0021817900    0.0012717200
  -0.0034689800   -0.0133731700   -0.0006513700

6    
  0.0000000000000000  -0.0050000000000000   0.0000000000000000
   0.0119802300   -0.0132037400    0.0002900300
   0.0631581100   -0.0872628500   -0.0005163500
   0.0011399500    0.0008053500    0.0002352500
  -0.0103818800   -0.0116163400    0.0005212900
  -0.0548019600   -0.0872962500    0.0002399300
   0.0005898000    0.3463209000   -0.0014134200
  -0.0048577100    0.0014539000   -0.0029758400
  -0.0005479800    0.0090967100    0.0003682000
  -0.0047124900    0.0055765900    0.0007205300
  -0.0056125500    0.0062710900   -0.0001837200
   0.0076002800   -0.0007372800    0.0016854400
  -0.0124399700    0.0032589100    0.0002389800
  -0.0046493600   -0.1619310900    0.0002988200
   0.0016427300   -0.0074489500    0.0013173000
   0.0118928200   -0.0032869400   -0.0008264400

6    
  0.0000000000000000   0.0000000000000000   0.0050000000000000
  -0.0011361800    0.0011158600   -0.0035488000
   0.0049088000   -0.0037292600    0.0287980800
   0.0004974200   -0.0006703100    0.0032643600
   0.0034929500    0.0012181800   -0.0035156200
   0.0003517900   -0.0067833600    0.0289360400
   0.0022427300    0.0023691900   -0.0614175200
  -0.0044737300    0.0020520500   -0.0020726300
  -0.0005388100    0.0090050100    0.0003055400
  -0.0048265400    0.0055206800    0.0006897800
  -0.0057164900    0.0065101100   -0.0002751100
   0.0078004600    0.0018441700   -0.0017257900
  -0.0051520400   -0.0017821100   -0.0012978200
  -0.0031091000   -0.0034434300    0.0162698800
   0.0015152700   -0.0048323300   -0.0021713400
   0.0041434600   -0.0083944600   -0.0022390400

6    
  0.0000000000000000   0.0000000000000000  -0.0050000000000000
  -0.0012386600    0.0009943600    0.0041086900
   0.0055872800   -0.0039527300   -0.0294761200
   0.0007977000   -0.0009575100   -0.0030711100
   0.0033799500    0.0018899400    0.0042256800
   0.0021212200   -0.0063001900   -0.0294395800
  -0.0007161400    0.0010871100    0.0598714500
  -0.0044625700    0.0022087400   -0.0032265200
  -0.0005001000    0.0090899100    0.0003272300
  -0.0048954000    0.0057180400    0.0006796200
  -0.0056997100    0.0062851000   -0.0003210500
   0.0077834400    0.0018865300    0.0050517400
  -0.0050791700   -0.0018344100    0.0017695400
  -0.0029863800   -0.0030306700   -0.0160219400
   0.0015968500   -0.0048015300    0.0047603300
   0.0043117000   -0.0082827000    0.0007620500

7    
  0.0050000000000000   0.0000000000000000   0.0000000000000000
  -0.0017742400    0.0146121200    0.0008032000
   0.0069671200   -0.0032425500    0.0000466400
   0.0400692100   -0.0011356200   -0.0000598900
   0.0017606100   -0.0120760300   -0.0001823900
   0.0036225700   -0.0077795200   -0.0007049900
   0.0011122300    0.0022211100   -0.0007778700
  -0.2695543800    0.0045802000   -0.0008230400
   0.1190841200   -0.0308490000    0.0263665300
   0.0730874600    0.0340961700   -0.0546567200
   0.0211220100    0.0158866200    0.0273554100
   0.0074616600    0.0025865900    0.0013903800
  -0.0050815000   -0.0011946100    0.0002072000
  -0.0031431200   -0.0035164000    0.0001311100
   0.0010315500   -0.0051657000    0.0016084200
   0.0042347100   -0.0090233700   -0.0007039900

7    
 -0.0050000000000000   0.0000000000000000   0.0000000000000000
  -0.0005883600   -0.0125591100   -0.0002452500
   0.0031678700   -0.0042798500   -0.0007166200
  -0.0388644200   -0.0001922700    0.0001674400
   0.0050940000    0.0151757900    0.0008907100
  -0.0007997800   -0.0051668000    0.0001952000
   0.0004239500    0.0014378700   -0.0007665100
   0.2633794300   -0.0032156600   -0.0015070500
  -0.1232482100    0.0507185700   -0.0268449900
  -0.0819979900   -0.0219601000    0.0545074000
  -0.0328826800   -0.0030473300   -0.0282054200
   0.0081204700    0.0011275300    0.0019343100
  -0.0051354100   -0.0024190900    0.0002653200
  -0.0029580000   -0.0034853700    0.0001192800
   0.0020830700   -0.0044851800    0.0009798400
   0.0042060600   -0.0076489900   -0.0007736700

7    
  0.0000000000000000   0.0050000000000000   0.0000000000000000
   0.0009642700    0.0114823300    0.0003423900
   0.0055246700   -0.0045380000   -0.0004962800
   0.0023670200    0.0969710200    0.0011221800
   0.0011041600    0.0135563700    0.0004663500
   0.0003953200   -0.0081986200   -0.0004060000
   0.0012582400    0.0025046100   -0.0008489000
  -0.0004739700   -0.2190211800    0.0012712700
  -0.0429291000    0.0470312500   -0.0117572600
   0.0232710300    0.0399998200   -0.0280476000
   0.0033108100    0.0379171100    0.0352379500
   0.0069583200    0.0011293000    0.0018463900
  -0.0052059300   -0.0017321200    0.0002878600
  -0.0030480200   -0.0035048600    0.0001967900
   0.0021963200   -0.0053384500    0.0014744200
   0.0043068700   -0.0082585700   -0.0006895500

7    
  0.0000000000000000  -0.0050000000000000   0.0000000000000000
  -0.0033754700   -0.0094958600    0.0002160600
   0.0046149500   -0.0029711000   -0.0001741900
  -0.0011500100   -0.1019377900   -0.0009822600
   0.0058104200   -0.0105882000    0.0002411100
   0.0024390500   -0.0047135200   -0.0001040100
   0.0002680200    0.0011479000   -0.0006932700
  -0.0082501400    0.2278160000   -0.0064216000
   0.0415007700   -0.0292497600    0.0122920700
  -0.0327943900   -0.0290841200    0.0292369400
  -0.0146754300   -0.0254294500   -0.0356484200
   0.0086348700    0.0025980100    0.0014772500
  -0.0050115500   -0.0018797700    0.0001836500
  -0.0030533700   -0.0034973400    0.0000529700
   0.0009076700   -0.0043015900    0.0011128000
   0.0041346000   -0.0084134300   -0.0007891000

7    
  0.0000000000000000   0.0000000000000000   0.0050000000000000
  -0.0010682900    0.0008410000   -0.0021476600
   0.0049030500   -0.0041199800   -0.0039027300
   0.0006204800   -0.0013115600    0.0313515500
   0.0032776500    0.0015790300   -0.0011940000
   0.0014742500   -0.0068866400   -0.0029313100
   0.0008062700    0.0021593300   -0.0001944000
  -0.0055819800    0.0046078400   -0.2486152400
   0.0260549000   -0.0023540600    0.0278934000
  -0.0585371900   -0.0222412700    0.0716720800
   0.0226314800    0.0441892300    0.1220829100
   0.0079718700    0.0019850300    0.0035171900
  -0.0051135600   -0.0018589600    0.0001765600
  -0.0030481700   -0.0035229500    0.0005795100
   0.0013869200   -0.0046832800    0.0025311600
   0.0042223100   -0.0083827700   -0.0008190300

7    
  0.0000000000000000   0.0000000000000000  -0.0050000000000000
  -0.0013086300    0.0012788200    0.0027054200
   0.0052372400   -0.0033853500    0.0032225200
   0.0007826100    0.0000316900   -0.0310738700
   0.0035900700    0.0015106300    0.0019017300
   0.0013560300   -0.0060393100    0.0024120400
   0.0007284700    0.0014953900   -0.0013484900
  -0.0062722400   -0.0030750600    0.2402238100
  -0.0268391100    0.0204700000   -0.0269031100
   0.0502180400    0.0342765400   -0.0708675700
  -0.0328856700   -0.0298206400   -0.1194534100
   0.0076116400    0.0017369900   -0.0001883700
  -0.0051045200   -0.0017531900    0.0002953400
  -0.0030535300   -0.0034752600   -0.0003277900
   0.0017198900   -0.0049593400    0.0000610500
   0.0042197100   -0.0082919100   -0.0006592800

8    
  0.0050000000000000   0.0000000000000000   0.0000000000000000
  -0.0015541900    0.0020556200    0.0001295500
   0.0049857100   -0.0039297400   -0.0005104000
   0.0003783800   -0.0003771200   -0.0004442800
   0.0031404200    0.0014551300    0.0005499400
   0.0014534900   -0.0062989000   -0.0002362600
   0.0006356100    0.0018581000   -0.0007910600
   0.1181987400   -0.0409418200    0.0243373500
  -0.1329213800    0.0556089500   -0.0295157000
   0.0032935000    0.0020032800    0.0036745200
  -0.0026529500    0.0053197000    0.0000083800
   0.0076262300    0.0016813200    0.0018297200
  -0.0051135500   -0.0018331100    0.0002504400
  -0.0030729600   -0.0035201600    0.0001694000
   0.0013851900   -0.0047201300    0.0012883500
   0.0042177700   -0.0083611100   -0.0007399400

8    
 -0.0050000000000000   0.0000000000000000   0.0000000000000000
  -0.0007831600    0.0000468500    0.0004318500
   0.0051532700   -0.0035896600   -0.0001612400
   0.0008447300   -0.0012123100    0.0006126100
   0.0037000600    0.0016749100    0.0001592200
   0.0013715600   -0.0066364500   -0.0002742100
   0.0008983000    0.0018054900   -0.0007525700
  -0.1241318500    0.0435159900   -0.0285788900
   0.1289018100   -0.0358508400    0.0291249200
  -0.0129496600    0.0092179700   -0.0023056600
  -0.0087847100    0.0074824000   -0.0006154700
   0.0079639000    0.0020427300    0.0014945800
  -0.0051024300   -0.0017813400    0.0002216600
  -0.0030279600   -0.0034809900    0.0000809700
   0.0017238400   -0.0049225100    0.0013003100
   0.0042223000   -0.0083122300   -0.0007380800

8    
  0.0000000000000000   0.0050000000000000   0.0000000000000000
  -0.0022355900    0.0002228800    0.0004562100
   0.0051164500   -0.0037013900   -0.0002440100
  -0.0133964300    0.0051798600   -0.0033715300
   0.0043387000    0.0044537300    0.0001997700
   0.0006307500   -0.0064429400   -0.0000189400
   0.0008684100    0.0017812300   -0.0008140700
  -0.0450571700    0.0404173200   -0.0140090900
   0.0450148700   -0.0343689600    0.0124183000
  -0.0001526900    0.0039507000    0.0024614900
  -0.0012135200    0.0048770600    0.0005124900
   0.0084274800    0.0018817100    0.0015596200
  -0.0051039800   -0.0018256000    0.0002392000
  -0.0030006500   -0.0035091300    0.0001098200
   0.0015512200   -0.0048272900    0.0012298600
   0.0042121500   -0.0080891600   -0.0007291300

8    
  0.0000000000000000  -0.0050000000000000   0.0000000000000000
  -0.0000953100    0.0018911300    0.0001042700
   0.0050227900   -0.0038198400   -0.0004284700
   0.0147634400   -0.0069162700    0.0035837900
   0.0025019200   -0.0013489300    0.0005072900
   0.0022003700   -0.0064908900   -0.0004947000
   0.0006620800    0.0018851900   -0.0007290900
   0.0364779700   -0.0358662700    0.0088155800
  -0.0464147300    0.0523008800   -0.0118856400
  -0.0096063300    0.0072850500   -0.0011060800
  -0.0102419200    0.0079171600   -0.0011182300
   0.0071572100    0.0018413100    0.0017660900
  -0.0051108400   -0.0017872600    0.0002330300
  -0.0031006100   -0.0034908700    0.0001409400
   0.0015563200   -0.0048155100    0.0013598900
   0.0042276300   -0.0085848700   -0.0007486500

8    
  0.0000000000000000   0.0000000000000000   0.0050000000000000
  -0.0011033800    0.0011051200    0.0002037700
   0.0050658300   -0.0038187200   -0.0002379200
  -0.0001130500    0.0000606000    0.0007471500
   0.0034044700    0.0015751500   -0.0002166900
   0.0014558100   -0.0061849700   -0.0004330600
   0.0006235800    0.0017812600   -0.0007826500
   0.0220352600   -0.0098712700    0.0245947700
  -0.0297606300    0.0211689600   -0.0275738000
  -0.0136003900    0.0097528300   -0.0017118800
   0.0066349300    0.0011252200    0.0027383500
   0.0076889100    0.0017667200    0.0015638400
  -0.0051069100   -0.0018137200    0.0002596000
  -0.0030562800   -0.0034950200    0.0001211000
   0.0016151700   -0.0048289900    0.0013994100
   0.0042166700   -0.0083231700   -0.0006720100

8    
  0.0000000000000000   0.0000000000000000  -0.0050000000000000
  -0.0012361000    0.0010072400    0.0003573300
   0.0050749700   -0.0037005300   -0.0004339700
   0.0014003600   -0.0016976900   -0.0005489400
   0.0034328500    0.0015380100    0.0009233600
   0.0013730400   -0.0067488900   -0.0000816500
   0.0009091600    0.0018849400   -0.0007608700
  -0.0311524500    0.0141751600   -0.0302017300
   0.0288590500   -0.0031328600    0.0284796900
   0.0038626100    0.0015129000    0.0030903300
  -0.0179880400    0.0116763700   -0.0033101200
   0.0079010400    0.0019565000    0.0017600300
  -0.0051087000   -0.0017996500    0.0002123600
  -0.0030447200   -0.0035066300    0.0001294400
   0.0014938900   -0.0048144700    0.0011907600
   0.0042230500   -0.0083504100   -0.0008060300

9    
  0.0050000000000000   0.0000000000000000   0.0000000000000000
  -0.0013148900    0.0015225500    0.0000832000
   0.0051819900   -0.0038262400   -0.0002177400
   0.0011609600   -0.0000566000    0.0007101900
   0.0032830000    0.0005086800    0.0005730000
   0.0014956900   -0.0059840100    0.0000157100
   0.0005018000    0.0016806600   -0.0007373400
   0.0726722400    0.0297564300   -0.0562892000
   0.0075551400    0.0137671200   -0.0083860400
  -0.0875217900   -0.0257661800    0.0597654200
  -0.0081863800    0.0049265800    0.0024281100
   0.0075948600    0.0017980700    0.0015493000
  -0.0051020700   -0.0017720000    0.0002218100
  -0.0030698000   -0.0034781000    0.0000301800
   0.0015293800   -0.0047592000    0.0010121600
   0.0042198800   -0.0083177500   -0.0007587500

9    
 -0.0050000000000000   0.0000000000000000   0.0000000000000000
  -0.0010297900    0.0006004000    0.0004733000
   0.0049539200   -0.0036996300   -0.0004542100
   0.0001541600   -0.0015505400   -0.0005480600
   0.0035549300    0.0026032700    0.0001415800
   0.0013379300   -0.0069514300   -0.0005242700
   0.0010280900    0.0019808500   -0.0008062500
  -0.0824157600   -0.0263224200    0.0524675300
  -0.0086889300    0.0043133200    0.0090780800
   0.0786595700    0.0378094500   -0.0598420900
  -0.0031974700    0.0078960600   -0.0030869400
   0.0079910200    0.0019245500    0.0017768100
  -0.0051152700   -0.0018424500    0.0002504400
  -0.0030318100   -0.0035225800    0.0002198700
   0.0015781000   -0.0048814100    0.0015737200
   0.0042213200   -0.0083574300   -0.0007194900

9    
  0.0000000000000000   0.0050000000000000   0.0000000000000000
  -0.0020236400    0.0030687600    0.0000390900
   0.0055354800   -0.0035776900    0.0002366100
   0.0114096600    0.0056178300   -0.0093616900
   0.0041828400    0.0008805400    0.0006970400
   0.0014728500   -0.0064340500    0.0000534800
   0.0007706000    0.0018742400   -0.0008702200
   0.0234724800    0.0368264800   -0.0308103400
  -0.0041171700    0.0073769700    0.0044214000
  -0.0365538500   -0.0341564000    0.0308175900
  -0.0091118400    0.0050151800    0.0026230400
   0.0078196300    0.0018628700    0.0014821400
  -0.0050902200   -0.0016169300    0.0002604400
  -0.0030844900   -0.0035067000    0.0000783700
   0.0011095300   -0.0048803800    0.0010745200
   0.0042081400   -0.0083507100   -0.0007414700

9    
  0.0000000000000000  -0.0050000000000000   0.0000000000000000
  -0.0003190100   -0.0009611600    0.0005142300
   0.0046051200   -0.0039399300   -0.0009122200
  -0.0101726500   -0.0073424800    0.0096098700
   0.0026518600    0.0022292200    0.0000144500
   0.0013542100   -0.0064962100   -0.0005648900
   0.0007620000    0.0017909900   -0.0006728100
  -0.0325713700   -0.0322569600    0.0256953400
   0.0030971800    0.0107120200   -0.0038182700
   0.0270108400    0.0452012100   -0.0296302700
  -0.0022770100    0.0077780500   -0.0032426300
   0.0077690600    0.0018587000    0.0018446300
  -0.0051241800   -0.0019957000    0.0002121400
  -0.0030166200   -0.0034940100    0.0001722700
   0.0020004900   -0.0047622000    0.0015144900
   0.0042300700   -0.0083215600   -0.0007363300

9    
  0.0000000000000000   0.0000000000000000   0.0050000000000000
  -0.0010367800    0.0011504500    0.0002588600
   0.0050492300   -0.0034252000   -0.0002899700
   0.0017699200    0.0002647900   -0.0004982400
   0.0032490800    0.0016884600   -0.0000735200
   0.0014395700   -0.0066216200   -0.0002968400
   0.0009623800    0.0017912700   -0.0007668900
  -0.0597285700   -0.0268897200    0.0689134000
   0.0024966700    0.0108436500   -0.0020974900
   0.0556098300    0.0362005600   -0.0765364100
  -0.0153957100    0.0017475000    0.0087300000
   0.0077568400    0.0018691700    0.0016201200
  -0.0051018900   -0.0017943000    0.0002470200
  -0.0030364500   -0.0034950200    0.0001316300
   0.0017453500   -0.0049756200    0.0013842800
   0.0042205200   -0.0083543600   -0.0007259400

9    
  0.0000000000000000   0.0000000000000000  -0.0050000000000000
  -0.0013087400    0.0009754900    0.0002972100
   0.0050877900   -0.0040956300   -0.0003831700
  -0.0004411200   -0.0018577800    0.0006788400
   0.0035940300    0.0014230300    0.0007871600
   0.0013941500   -0.0063113300   -0.0002143400
   0.0005683100    0.0018660400   -0.0007768300
   0.0494330300    0.0304054400   -0.0736271900
  -0.0034821200    0.0072758800    0.0027041500
  -0.0639959300   -0.0242566200    0.0772662200
   0.0039185600    0.0110365600   -0.0092315700
   0.0078274100    0.0018531600    0.0017053600
  -0.0051154800   -0.0018198100    0.0002251500
  -0.0030650200   -0.0035065800    0.0001186800
   0.0013639700   -0.0046670100    0.0012026600
   0.0042211700   -0.0083208300   -0.0007523200

10   
  0.0050000000000000   0.0000000000000000   0.0000000000000000
  -0.0010765200    0.0018529000    0.0000617400
   0.0053108200   -0.0040930400   -0.0006167300
   0.0009689500   -0.0001075500    0.0000616500
   0.0035267300    0.0005445500    0.0004977000
   0.0016902600   -0.0058174700   -0.0002203500
   0.0002650400    0.0017347200   -0.0007798600
   0.0226926100    0.0111201800    0.0251829600
   0.0025319600    0.0135664600    0.0125932100
  -0.0073602500    0.0022159600   -0.0089627700
  -0.0340423400   -0.0044279400   -0.0307032100
   0.0077611000    0.0018804900    0.0018891400
  -0.0050950900   -0.0017870100    0.0002667100
  -0.0030575500   -0.0034877900    0.0001761400
   0.0016576800   -0.0048622800    0.0013029500
   0.0042266000   -0.0083321700   -0.0007492800

10   
 -0.0050000000000000   0.0000000000000000   0.0000000000000000
  -0.0012648000    0.0002603100    0.0005001500
   0.0048262700   -0.0034251900   -0.0000556700
   0.0003239900   -0.0015045900    0.0001319500
   0.0033111800    0.0025669200    0.0002085800
   0.0011417800   -0.0071120400   -0.0002955000
   0.0012660100    0.0019249300   -0.0007634300
  -0.0313122200   -0.0068653500   -0.0303194800
  -0.0035987400    0.0045382200   -0.0120292600
  -0.0023719000    0.0090503300    0.0103516300
   0.0223526000    0.0171859600    0.0299926200
   0.0078244200    0.0018410900    0.0014364300
  -0.0051204900   -0.0018265500    0.0002055300
  -0.0030435800   -0.0035126700    0.0000754100
   0.0014520400   -0.0047798300    0.0012894800
   0.0042134500   -0.0083415400   -0.0007284400

10   
  0.0000000000000000   0.0050000000000000   0.0000000000000000
  -0.0019078700    0.0016691300    0.0002705300
   0.0050988700   -0.0034672400   -0.0010719100
   0.0046392500    0.0062799800    0.0135330700
   0.0040074800    0.0013006400    0.0000603400
   0.0015310300   -0.0063293200   -0.0008706300
   0.0008172100    0.0019590400   -0.0006591900
   0.0049816300    0.0339583400    0.0342604800
  -0.0015986000    0.0075237200   -0.0049426300
  -0.0063412000    0.0042356100   -0.0039429700
  -0.0164929800   -0.0305879900   -0.0399102100
   0.0078845000    0.0018574800    0.0019570300
  -0.0050864800   -0.0017149900    0.0002276400
  -0.0030604500   -0.0035060200    0.0002099400
   0.0013276500   -0.0048617800    0.0016051800
   0.0041999500   -0.0083165900   -0.0007266700

10   
  0.0000000000000000  -0.0050000000000000   0.0000000000000000
  -0.0004384300    0.0004438100    0.0002950900
   0.0050396900   -0.0040492200    0.0004011000
  -0.0033666600   -0.0079874900   -0.0134215200
   0.0028364200    0.0018103000    0.0006509800
   0.0012990700   -0.0065996000    0.0003583700
   0.0007146700    0.0017007800   -0.0008842100
  -0.0139532100   -0.0293886700   -0.0397318000
   0.0005637800    0.0105644200    0.0056086100
  -0.0033710100    0.0069983900    0.0053454300
   0.0051217100    0.0431713900    0.0394919200
   0.0077027500    0.0018643500    0.0013679700
  -0.0051285800   -0.0018971100    0.0002441600
  -0.0030407700   -0.0034956700    0.0000411000
   0.0017814500   -0.0047801800    0.0009844100
   0.0042391300   -0.0083555000   -0.0007516000

10   
  0.0000000000000000   0.0000000000000000   0.0050000000000000
  -0.0014913900    0.0008692900    0.0003302200
   0.0050304800   -0.0036475000   -0.0003110600
   0.0003761800   -0.0002593800   -0.0011139400
   0.0037187800    0.0013367100   -0.0000818300
   0.0014333900   -0.0061919800   -0.0003722200
   0.0007013500    0.0017226800   -0.0007479700
   0.0227647600    0.0368198200    0.1165706900
  -0.0002031900    0.0098649700    0.0033500400
  -0.0021015400    0.0085478400    0.0096318000
  -0.0355235900   -0.0325731300   -0.1300878600
   0.0077509900    0.0018595500    0.0017020300
  -0.0051075600   -0.0017955200    0.0002198600
  -0.0030581100   -0.0034897200    0.0001672100
   0.0014924400   -0.0047477100    0.0014844700
   0.0042170100   -0.0083159200   -0.0007414500

10   
  0.0000000000000000   0.0000000000000000  -0.0050000000000000
  -0.0008522500    0.0012513700    0.0002276400
   0.0051083600   -0.0038707900   -0.0003665900
   0.0009394900   -0.0013171000    0.0013587700
   0.0031225900    0.0017744200    0.0007874700
   0.0013979700   -0.0067392100   -0.0001427900
   0.0008302200    0.0019438700   -0.0007948800
  -0.0328119500   -0.0340828800   -0.1249640900
  -0.0008269400    0.0082337400   -0.0026970800
  -0.0076174500    0.0026793700   -0.0083290800
   0.0251863500    0.0468454600    0.1325900700
   0.0078363200    0.0018622100    0.0016257300
  -0.0051073400   -0.0018176700    0.0002518900
  -0.0030431300   -0.0035090000    0.0000838800
   0.0016156300   -0.0048957300    0.0011059300
   0.0042221200   -0.0083580600   -0.0007368600

11   
  0.0050000000000000   0.0000000000000000   0.0000000000000000
   0.1207908800   -0.0553440900    0.0003050700
   0.0036429900   -0.0025249000   -0.0003542700
   0.0100006600   -0.0084473300    0.0001205800
   0.0049639700    0.0034844400    0.0003530100
   0.0013628000   -0.0059883200   -0.0002558200
  -0.0001930300    0.0020275500   -0.0007637900
  -0.0047966600    0.0012974100   -0.0024655900
  -0.0006894500    0.0096842300    0.0002098000
  -0.0050606900    0.0056455200    0.0006483700
  -0.0057410800    0.0064900600   -0.0003415800
  -0.1220552800    0.0626600800    0.0016411600
  -0.0054969900   -0.0019777400    0.0002343100
  -0.0030566500   -0.0033993000    0.0001286000
   0.0020955000   -0.0052178800    0.0012807400
   0.0042330300   -0.0083897400   -0.0007405800

11   
 -0.0050000000000000   0.0000000000000000   0.0000000000000000
  -0.1204428800    0.0553636200    0.0002554600
   0.0064157600   -0.0049403100   -0.0003190100
  -0.0086423300    0.0067797200    0.0000703400
   0.0018826900   -0.0003764900    0.0003566100
   0.0014712800   -0.0069403600   -0.0002568700
   0.0017287600    0.0016517400   -0.0007796700
  -0.0041377400    0.0029727800   -0.0028265300
  -0.0003527600    0.0084131900    0.0004212600
  -0.0046639500    0.0055941600    0.0007182300
  -0.0056772400    0.0063082800   -0.0002553900
   0.1349592900   -0.0568758600    0.0016841800
  -0.0047140700   -0.0016423000    0.0002379800
  -0.0030491200   -0.0036007000    0.0001222500
   0.0010154900   -0.0044236000    0.0013085000
   0.0042068200   -0.0082838500   -0.0007373400

11   
  0.0000000000000000   0.0050000000000000   0.0000000000000000
  -0.0562837800    0.0593160800    0.0001470700
  -0.0081880000    0.0016003000   -0.0002638700
   0.0067300700   -0.0047225300    0.0000625300
   0.0049973900    0.0018736200    0.0003346800
   0.0017618500   -0.0061508000   -0.0002578500
   0.0015220500    0.0044311800   -0.0007923900
  -0.0037242600    0.0014017700   -0.0025222400
  -0.0007003000    0.0090675000    0.0002204800
  -0.0049246900    0.0056238200    0.0006920800
  -0.0056888500    0.0063966200   -0.0002991700
   0.0670807800   -0.0600162600    0.0017547100
  -0.0049489500   -0.0022390000    0.0002423000
  -0.0037160500   -0.0031626200    0.0001142400
   0.0019129600   -0.0050626200    0.0013049900
   0.0041697700   -0.0083570400   -0.0007375700

11   
  0.0000000000000000  -0.0050000000000000   0.0000000000000000
   0.0548418300   -0.0572172400    0.0004127000
   0.0184173300   -0.0091919700   -0.0004081900
  -0.0054880600    0.0031167000    0.0001270400
   0.0018258700    0.0012349400    0.0003749200
   0.0010623800   -0.0067877800   -0.0002547000
   0.0000226700   -0.0007801500   -0.0007510400
  -0.0051841100    0.0028713500   -0.0027707600
  -0.0003379600    0.0090264500    0.0004102400
  -0.0047987600    0.0056198800    0.0006764800
  -0.0057289000    0.0064030200   -0.0002977700
  -0.0524433700    0.0638131000    0.0015705700
  -0.0052675300   -0.0013748600    0.0002299500
  -0.0023836400   -0.0038385400    0.0001363900
   0.0011928600   -0.0045778500    0.0012845100
   0.0042693900   -0.0083170500   -0.0007403400

11   
  0.0000000000000000   0.0000000000000000   0.0050000000000000
  -0.0013167800    0.0011602300    0.0166957800
   0.0051189000   -0.0037835400   -0.0016435500
   0.0005600900   -0.0010198100   -0.0015510700
   0.0033326300    0.0015699100   -0.0027380800
   0.0014195700   -0.0064752800    0.0002735900
   0.0007535800    0.0018079400   -0.0041605300
  -0.0047367700    0.0023219200   -0.0007950300
  -0.0003511500    0.0089427300    0.0002183300
  -0.0049754900    0.0054388700    0.0006420000
  -0.0054826500    0.0066933300   -0.0002608300
   0.0080390400    0.0017958100   -0.0097505200
  -0.0051045500   -0.0018042500    0.0021060600
  -0.0030459200   -0.0035041500   -0.0000239300
   0.0015625100   -0.0048057800    0.0011969200
   0.0042270000   -0.0083379400   -0.0002091300

11   
  0.0000000000000000   0.0000000000000000  -0.0050000000000000
  -0.0015903000    0.0012922300   -0.0161364200
   0.0050247600   -0.0037669100    0.0009703300
   0.0007588300   -0.0006037400    0.0017424700
   0.0035043700    0.0015511100    0.0034477000
   0.0014142400   -0.0064594300   -0.0007862000
   0.0007728500    0.0018511900    0.0026171600
  -0.0041929000    0.0019511400   -0.0045002500
  -0.0006873900    0.0091493400    0.0004142700
  -0.0047475200    0.0058018000    0.0007267300
  -0.0059352100    0.0061047400   -0.0003359600
   0.0080827100    0.0016113700    0.0130749600
  -0.0051125200   -0.0018114700   -0.0016336000
  -0.0030553400   -0.0034983300    0.0002749500
   0.0015489200   -0.0048357100    0.0013924900
   0.0042144900   -0.0083373300   -0.0012686300

12   
  0.0050000000000000   0.0000000000000000   0.0000000000000000
  -0.0022867700   -0.0000235600    0.0002789300
   0.1316911200    0.0519922900   -0.0007204800
  -0.0003204700   -0.0010255000    0.0000866700
   0.0032702200    0.0011410900    0.0003636000
   0.0028773600   -0.0084474400   -0.0002698200
   0.0094949600    0.0091880800   -0.0008088600
  -0.0044394700    0.0020370300   -0.0026503800
  -0.0005238000    0.0090514900    0.0003168800
  -0.0048559600    0.0056371700    0.0006911000
  -0.0056967000    0.0064197000   -0.0003003300
   0.0074052800    0.0020230500    0.0016673400
  -0.1394087700   -0.0616324300    0.0006671000
  -0.0034943300   -0.0036320700    0.0001312100
   0.0015694600   -0.0047731700    0.0012951200
   0.0047178900   -0.0079557200   -0.0007480700

12   
 -0.0050000000000000   0.0000000000000000   0.0000000000000000
  -0.0001291700    0.0020842300    0.0002807300
  -0.1186837200   -0.0574259200    0.0000336300
   0.0016182400   -0.0006322100    0.0001039400
   0.0035660400    0.0019679700    0.0003462200
  -0.0000350600   -0.0044781500   -0.0002429600
  -0.0079076700   -0.0054939500   -0.0007349000
  -0.0044945800    0.0022328600   -0.0026419400
  -0.0005147300    0.0090449400    0.0003145500
  -0.0048689800    0.0056028500    0.0006766100
  -0.0057215600    0.0063782300   -0.0002970900
   0.0081867500    0.0017041000    0.0016584700
   0.1263335700    0.0559742900   -0.0001813300
  -0.0026112700   -0.0033695300    0.0001196900
   0.0015389800   -0.0048706800    0.0012942200
   0.0037231600   -0.0087190300   -0.0007298500

12   
  0.0000000000000000   0.0050000000000000   0.0000000000000000
   0.0123526100    0.0060046900    0.0002389700
   0.0601406800    0.0525823600   -0.0005891900
   0.0000555200    0.0017142700    0.0001275000
   0.0029802200    0.0019532600    0.0003531100
  -0.0000979400   -0.0060936300   -0.0002541100
  -0.0064329200   -0.0032375200   -0.0007455600
  -0.0038525600    0.0022078700   -0.0026992700
  -0.0005456700    0.0090289900    0.0003083700
  -0.0048265200    0.0058104300    0.0006960300
  -0.0056891000    0.0064900600   -0.0002870100
   0.0076255300    0.0014289200    0.0016668000
  -0.0643192200   -0.0606469800    0.0004942800
  -0.0028174700   -0.0038818800    0.0001288400
   0.0016063300   -0.0048491000    0.0012937700
   0.0038205000   -0.0085117400   -0.0007325200

12   
  0.0000000000000000  -0.0050000000000000   0.0000000000000000
  -0.0145962100   -0.0038203000    0.0003197200
  -0.0492290500   -0.0601764000   -0.0000867700
   0.0012505300   -0.0033503200    0.0000630000
   0.0038482800    0.0011642700    0.0003564400
   0.0029148000   -0.0068289300   -0.0002585800
   0.0079305700    0.0068796000   -0.0007973500
  -0.0050768200    0.0020621100   -0.0025935400
  -0.0004936200    0.0090672600    0.0003225800
  -0.0048974700    0.0054304200    0.0006709200
  -0.0057288100    0.0063080700   -0.0003092500
   0.0079602600    0.0022928100    0.0016589400
   0.0532692100    0.0570460500   -0.0000182200
  -0.0032720000   -0.0031154800    0.0001221300
   0.0015029600   -0.0047940800    0.0012954500
   0.0046173700   -0.0081650700   -0.0007454800

12   
  0.0000000000000000   0.0000000000000000   0.0050000000000000
  -0.0011584900    0.0010883000   -0.0012064200
   0.0044437300   -0.0041798500    0.0163460600
   0.0005830400   -0.0008992700   -0.0033268300
   0.0034296700    0.0015337800    0.0008894400
   0.0014078600   -0.0064592600   -0.0036333600
   0.0007197200    0.0018244900   -0.0023052300
  -0.0044937000    0.0021887300   -0.0027053300
  -0.0005042500    0.0090509700    0.0003397100
  -0.0048771500    0.0056445200    0.0006955200
  -0.0056787200    0.0063907900   -0.0003156200
   0.0077922700    0.0018670700    0.0035330100
  -0.0044073100   -0.0013976100   -0.0113079700
  -0.0030407100   -0.0034963100    0.0019953000
   0.0015623800   -0.0048207300    0.0018406900
   0.0042216600   -0.0083356400   -0.0008389700

12   
  0.0000000000000000   0.0000000000000000  -0.0050000000000000
  -0.0011724700    0.0010549300    0.0017660100
   0.0051083100   -0.0036623500   -0.0170132500
   0.0007058300   -0.0007340600    0.0035181300
   0.0034082300    0.0015826000   -0.0001795700
   0.0014239800   -0.0064798000    0.0031208300
   0.0008396500    0.0018288800    0.0007618400
  -0.0044362600    0.0020853500   -0.0025872100
  -0.0005331200    0.0090448800    0.0002920500
  -0.0048481800    0.0055964400    0.0006729300
  -0.0057395100    0.0064074300   -0.0002824900
   0.0077950300    0.0018548900   -0.0002072300
  -0.0052570000   -0.0019107600    0.0117726500
  -0.0030598900   -0.0035062500   -0.0017444300
   0.0015462300   -0.0048226800    0.0007486800
   0.0042191500   -0.0083395100   -0.0006389400

13   
  0.0050000000000000   0.0000000000000000   0.0000000000000000
   0.0008661300    0.0000083100    0.0002619000
   0.0030891900   -0.0167222600   -0.0003244100
   0.0013200500   -0.0008510800    0.0000940200
   0.0055064300    0.0025643100    0.0003082200
  -0.0002530100    0.0067333100   -0.0002621100
   0.0268763400    0.0030815200   -0.0008325700
  -0.0045576300    0.0021391400   -0.0026437000
  -0.0005418700    0.0090982700    0.0003097300
  -0.0048809600    0.0055867900    0.0006978300
  -0.0057158200    0.0063897100   -0.0003059000
   0.0077897300    0.0011945600    0.0016673500
  -0.0055505300   -0.0015761500    0.0002455400
  -0.0292969000   -0.0049396600    0.0002180300
   0.0015685000   -0.0041444900    0.0012873700
   0.0037803700   -0.0085622800   -0.0007213000

13   
 -0.0050000000000000   0.0000000000000000   0.0000000000000000
  -0.0031964400    0.0021145800    0.0002974400
   0.0070320000    0.0092570700   -0.0003484700
  -0.0000268300   -0.0007948800    0.0000966100
   0.0013232800    0.0005581200    0.0004014700
   0.0031023900   -0.0196079100   -0.0002513900
  -0.0253639500   -0.0000401800   -0.0007097600
  -0.0043721100    0.0021334400   -0.0026489900
  -0.0004965700    0.0089979800    0.0003214900
  -0.0048433400    0.0056542100    0.0006698800
  -0.0057019900    0.0064087000   -0.0002914900
   0.0077960100    0.0025273300    0.0016583300
  -0.0046680900   -0.0020310800    0.0002266300
   0.0232104000   -0.0015735100    0.0000331300
   0.0015423800   -0.0054981300    0.0013018600
   0.0046628700   -0.0081057500   -0.0007567400

13   
  0.0000000000000000   0.0050000000000000   0.0000000000000000
  -0.0027415600    0.0007354300    0.0002809600
   0.0066343600    0.0018641800   -0.0003465600
   0.0006367500   -0.0011230400    0.0001065800
   0.0049303000    0.0011877500    0.0003383800
   0.0000219300   -0.0011357600   -0.0002484600
   0.0023676100    0.1601293800   -0.0009823800
  -0.0044800700    0.0021306100   -0.0026708900
  -0.0005384100    0.0090410800    0.0003212500
  -0.0048384200    0.0056147000    0.0006886600
  -0.0056964300    0.0063941500   -0.0002901600
   0.0078939400    0.0021974900    0.0016589500
  -0.0052399100   -0.0021900600    0.0002405500
  -0.0047685200   -0.1716320800    0.0003476500
   0.0014640700   -0.0044988600    0.0012918400
   0.0043543600   -0.0087149800   -0.0007363600

13   
  0.0000000000000000  -0.0050000000000000   0.0000000000000000
   0.0004137400    0.0013848100    0.0002783400
   0.0035138300   -0.0094190100   -0.0003266200
   0.0006569200   -0.0005172200    0.0000842000
   0.0018951600    0.0019311200    0.0003713300
   0.0027977300   -0.0118367300   -0.0002640800
  -0.0007662700   -0.1516681500   -0.0005690600
  -0.0044496900    0.0021394300   -0.0026217900
  -0.0004999800    0.0090557000    0.0003101000
  -0.0048863100    0.0056266900    0.0006794500
  -0.0057216100    0.0064044600   -0.0003077800
   0.0076925600    0.0015220900    0.0016668700
  -0.0049753800   -0.0014242600    0.0002317100
  -0.0014013600    0.1599066600   -0.0000886000
   0.0016453800   -0.0051463000    0.0012974900
   0.0040852700   -0.0079593000   -0.0007415500

13   
  0.0000000000000000   0.0000000000000000   0.0050000000000000
  -0.0011793100    0.0010772100   -0.0030711000
   0.0050995600   -0.0037197800   -0.0016118900
   0.0006455800   -0.0008714800    0.0005569900
   0.0033646900    0.0015667400   -0.0028886100
   0.0013846400   -0.0065852600   -0.0015134700
   0.0007051200    0.0013266600    0.0153758100
  -0.0044597300    0.0022055000   -0.0021933300
  -0.0004752300    0.0090325000    0.0003116000
  -0.0049568700    0.0055734300    0.0006902100
  -0.0056586100    0.0064835500   -0.0002562400
   0.0077957500    0.0018502700    0.0015135700
  -0.0051023300   -0.0018032200    0.0021058300
  -0.0029538400   -0.0029656900   -0.0112619000
   0.0015498200   -0.0048401300    0.0011611600
   0.0042407400   -0.0083303000    0.0010813800

13   
  0.0000000000000000   0.0000000000000000  -0.0050000000000000
  -0.0011609300    0.0010338900    0.0036308100
   0.0050203700   -0.0037758200    0.0009386300
   0.0006478000   -0.0007676000   -0.0003656900
   0.0034733400    0.0015430100    0.0035985300
   0.0014642500   -0.0063245500    0.0010013600
   0.0008191700    0.0016666300   -0.0169164200
  -0.0044714100    0.0020623500   -0.0031002700
  -0.0005632600    0.0090636100    0.0003200600
  -0.0047674300    0.0056673900    0.0006778000
  -0.0057591700    0.0063146200   -0.0003401000
   0.0077903600    0.0018717900    0.0018124200
  -0.0051130700   -0.0018096600   -0.0016334500
  -0.0031387200   -0.0034004600    0.0115072300
   0.0015600700   -0.0048023600    0.0014282400
   0.0041986300   -0.0083428500   -0.0025591600

14   
  0.0050000000000000   0.0000000000000000   0.0000000000000000
   0.0002351300   -0.0009171700    0.0002227700
   0.0049804300   -0.0042047600   -0.0003298500
   0.0099356800    0.0065354300   -0.0000615000
   0.1252513900    0.0542492200   -0.0009722100
   0.0003949300   -0.0075088400   -0.0002413300
  -0.0002026900    0.0017549600   -0.0008116700
  -0.0049888300    0.0027803600   -0.0028131300
  -0.0006888400    0.0090442100    0.0003759300
  -0.0048862700    0.0051754900    0.0008745400
  -0.0056058600    0.0061725800   -0.0003597300
   0.0083326300    0.0022219200    0.0016693300
  -0.0050925400   -0.0017551500    0.0002445500
  -0.0030349400   -0.0035898700    0.0001200000
  -0.1284480400   -0.0617820800    0.0027903600
   0.0038177900   -0.0081763100   -0.0007080600

14   
 -0.0050000000000000   0.0000000000000000   0.0000000000000000
  -0.0025861200    0.0030279700    0.0003370700
   0.0051523000   -0.0033129600   -0.0003434000
  -0.0087026500   -0.0081935100    0.0002543300
  -0.1212528900   -0.0532066500    0.0017307900
   0.0025171900   -0.0053738400   -0.0002725100
   0.0017310200    0.0019181300   -0.0007314600
  -0.0039359100    0.0014920600   -0.0024796500
  -0.0003493400    0.0090497900    0.0002549100
  -0.0048373500    0.0060669800    0.0004933900
  -0.0058116600    0.0066261700   -0.0002375700
   0.0072518500    0.0015025800    0.0016563800
  -0.0051238700   -0.0018596500    0.0002276000
  -0.0030618100   -0.0034097700    0.0001307900
   0.1343910500    0.0541779400   -0.0002506000
   0.0046181900   -0.0085052300   -0.0007700800

14   
  0.0000000000000000   0.0050000000000000   0.0000000000000000
  -0.0027530600    0.0015112800    0.0002776800
   0.0047293800   -0.0034290900   -0.0003337000
  -0.0059588500   -0.0052327700    0.0001357100
   0.0567313300    0.0573472300   -0.0004411500
   0.0149082700   -0.0013999200   -0.0003479800
   0.0000941500    0.0044656400   -0.0007866300
  -0.0048142100    0.0016201800   -0.0025080200
  -0.0004183100    0.0090437700    0.0003088700
  -0.0048015500    0.0055601700    0.0005291200
  -0.0057496700    0.0063577300   -0.0002239300
   0.0073975600    0.0016188800    0.0016778800
  -0.0050586600   -0.0018345900    0.0002371100
  -0.0023744300   -0.0031772400    0.0001060800
  -0.0559939100   -0.0636717600    0.0020985200
   0.0040619600   -0.0087795100   -0.0007295800

14   
  0.0000000000000000  -0.0050000000000000   0.0000000000000000
   0.0004293400    0.0005977800    0.0002814600
   0.0054165800   -0.0040956300   -0.0003393900
   0.0072966700    0.0036138100    0.0000532600
  -0.0506896100   -0.0541817400    0.0011610300
  -0.0121714600   -0.0116030100   -0.0001623600
   0.0014253100   -0.0008061800   -0.0007565600
  -0.0041341900    0.0026544700   -0.0027845900
  -0.0006220000    0.0090553700    0.0003226900
  -0.0049226700    0.0056789800    0.0008365700
  -0.0056673000    0.0064395100   -0.0003714900
   0.0081917800    0.0021045700    0.0016480700
  -0.0051559500   -0.0017789800    0.0002351100
  -0.0037281400   -0.0038247400    0.0001445700
   0.0599537000    0.0540404700    0.0004800100
   0.0043779200   -0.0078946600   -0.0007483600

14   
  0.0000000000000000   0.0000000000000000   0.0050000000000000
  -0.0011366700    0.0010986800   -0.0028541600
   0.0050752500   -0.0037661700    0.0001961900
   0.0005767200   -0.0011181200   -0.0015446200
   0.0022400100    0.0009794400    0.0169622600
   0.0013623000   -0.0064699400   -0.0016527100
   0.0007451500    0.0018073300   -0.0042376500
  -0.0041525800    0.0023159800   -0.0014127800
  -0.0005255800    0.0089830300    0.0004205500
  -0.0051427200    0.0053993800    0.0007758200
  -0.0057015300    0.0067090000   -0.0001097600
   0.0077788600    0.0018712400    0.0015653100
  -0.0051076300   -0.0018077400    0.0007820200
  -0.0030576500   -0.0035041100   -0.0000080200
   0.0028030100   -0.0041635500   -0.0100742300
   0.0042430700   -0.0083344800    0.0011917800

14   
  0.0000000000000000   0.0000000000000000  -0.0050000000000000
  -0.0012015100    0.0010227500    0.0034131400
   0.0050609900   -0.0037535500   -0.0008691400
   0.0006932600   -0.0005087500    0.0017350100
   0.0051700300    0.0024576300   -0.0162723700
   0.0014606900   -0.0064931600    0.0011399500
   0.0007929000    0.0018545200    0.0026939700
  -0.0047816600    0.0019553700   -0.0038828500
  -0.0005139700    0.0091132500    0.0002118100
  -0.0045806600    0.0058395900    0.0005937600
  -0.0057146400    0.0060884500   -0.0004868600
   0.0078061200    0.0018511400    0.0017606700
  -0.0051092300   -0.0018065600   -0.0003095500
  -0.0030433100   -0.0034983300    0.0002589800
  -0.0002369400   -0.0057813700    0.0126827500
   0.0041979400   -0.0083409800   -0.0026692800

15   
  0.0050000000000000   0.0000000000000000   0.0000000000000000
  -0.0013008100    0.0014871800    0.0002785800
   0.0066101300   -0.0018051800   -0.0003790400
  -0.0002906700   -0.0005410100    0.0000756300
   0.0020715300    0.0027372800    0.0003527000
   0.1224931400   -0.0617903500   -0.0011061700
   0.0093837200   -0.0058321400   -0.0008544200
  -0.0044488900    0.0022216300   -0.0026445700
  -0.0005224400    0.0090394400    0.0003123000
  -0.0048632200    0.0056090700    0.0006835600
  -0.0057022600    0.0063798800   -0.0003007100
   0.0078065800    0.0018105400    0.0016684700
  -0.0046108200   -0.0022045100    0.0002380100
  -0.0034892700   -0.0033660400    0.0001461800
   0.0011520900   -0.0049761600    0.0013173900
  -0.1242888100    0.0512303800    0.0002120900

15   
 -0.0050000000000000   0.0000000000000000   0.0000000000000000
  -0.0010327100    0.0006234800    0.0002808100
   0.0035201900   -0.0057067600   -0.0002937700
   0.0015785800   -0.0011238000    0.0001152300
   0.0048363300    0.0003203600    0.0003563300
  -0.1223755100    0.0509674900    0.0006235000
  -0.0079113800    0.0095343100   -0.0006876300
  -0.0044761900    0.0020475400   -0.0026474200
  -0.0005165800    0.0090555200    0.0003187500
  -0.0048613700    0.0056322300    0.0006844200
  -0.0057159700    0.0064188100   -0.0002974000
   0.0077814800    0.0019107500    0.0016572800
  -0.0056046300   -0.0014089100    0.0002342200
  -0.0026076500   -0.0036332700    0.0001044900
   0.0019510200   -0.0046601800    0.0012716900
   0.1354344000   -0.0699775600   -0.0017204800

15   
  0.0000000000000000   0.0050000000000000   0.0000000000000000
  -0.0007221600    0.0014424300    0.0002727600
   0.0065490300   -0.0034692300   -0.0003526400
   0.0013549300    0.0016986500    0.0001167600
  -0.0099596200    0.0068961200    0.0004730000
  -0.0553251100    0.0526646200    0.0001406500
   0.0076112300   -0.0032299900   -0.0008279800
  -0.0051525500    0.0022151200   -0.0026917700
  -0.0005435600    0.0092964900    0.0003293600
  -0.0048425300    0.0056067600    0.0006675700
  -0.0057042900    0.0064185600   -0.0002785100
   0.0077400100    0.0018416100    0.0016629400
  -0.0047253300   -0.0019823800    0.0002376300
  -0.0032848800   -0.0038785900    0.0001319000
   0.0017197700   -0.0052630900    0.0012976100
   0.0652850900   -0.0702570800   -0.0011792800

15   
  0.0000000000000000  -0.0050000000000000   0.0000000000000000
  -0.0016142100    0.0006798600    0.0002865500
   0.0035957200   -0.0040429300   -0.0003206000
  -0.0000736100   -0.0033206300    0.0000742000
   0.0167085000   -0.0037066600    0.0002370700
   0.0572810300   -0.0656085200   -0.0006463600
  -0.0060416100    0.0068569600   -0.0007156000
  -0.0037779100    0.0020588100   -0.0026007300
  -0.0004957200    0.0088005800    0.0003018000
  -0.0048817900    0.0056347800    0.0007001500
  -0.0057135400    0.0063801500   -0.0003188400
   0.0078467600    0.0018809400    0.0016628600
  -0.0054879300   -0.0016343800    0.0002346300
  -0.0028279100   -0.0031226100    0.0001190700
   0.0013904300   -0.0043792200    0.0012917000
  -0.0559082000    0.0535228700   -0.0003059200

15   
  0.0000000000000000   0.0000000000000000   0.0050000000000000
  -0.0011763700    0.0010310000    0.0007794300
   0.0050170700   -0.0037750300   -0.0036382800
   0.0006743000   -0.0009074300   -0.0034514600
   0.0034075600    0.0015743200   -0.0011466900
   0.0007974200   -0.0062501900    0.0164813700
   0.0006901300    0.0019157100   -0.0022725300
  -0.0044301100    0.0021856900   -0.0027262400
  -0.0005213300    0.0090585700    0.0003824100
  -0.0048811200    0.0056184000    0.0006963700
  -0.0057192500    0.0064121300   -0.0002996900
   0.0077921200    0.0018622600    0.0021928900
  -0.0051169900   -0.0018005200    0.0001360100
  -0.0030330800   -0.0034982700    0.0019459100
   0.0015853000   -0.0048115800    0.0032253600
   0.0049143600   -0.0086150400   -0.0123048600

15   
  0.0000000000000000   0.0000000000000000  -0.0050000000000000
  -0.0011613200    0.0010869000   -0.0002200100
   0.0051210800   -0.0037499600    0.0029649700
   0.0006234300   -0.0007340000    0.0036419900
   0.0034203000    0.0015684800    0.0018564200
   0.0026083300   -0.0070206500   -0.0170063800
   0.0008146400    0.0017434600    0.0007287400
  -0.0044993800    0.0020847100   -0.0025661600
  -0.0005190200    0.0090384700    0.0002482400
  -0.0048426600    0.0056231000    0.0006705800
  -0.0056986800    0.0063868000   -0.0002969000
   0.0077956600    0.0018591500    0.0011329400
  -0.0050982700   -0.0018127900    0.0003363100
  -0.0030686700   -0.0035019000   -0.0016948000
   0.0015230300   -0.0048308000   -0.0006359200
   0.0029815500   -0.0077409700    0.0108399900
