14   
84   

1    
  0.0100000000000000   0.0000000000000000   0.0000000000000000
  -0.6426443700    0.0210340200   -0.0002598800
   0.1105326200   -0.0489908800   -0.0008404300
  -0.0124094100   -0.0308945900    0.0007837600
   0.0095638000    0.0147414100   -0.0013463100
   0.0441460900   -0.0034568000   -0.0016824000
   0.2377276800    0.1058300300   -0.0002568100
   0.2626336900   -0.0796330900   -0.0061186000
  -0.0066499000    0.0247591400    0.0003685400
   0.0043659800   -0.0018237900    0.0038097000
   0.0017327000    0.0009969000    0.0005892200
  -0.0006033000    0.0040829700   -0.0046734000
   0.0023751300   -0.0040142900   -0.0011805200
  -0.0050482400   -0.0068902200   -0.0017242800
  -0.0057224800    0.0042591800    0.0125314100

1    
 -0.0100000000000000   0.0000000000000000   0.0000000000000000
   0.6495279300   -0.0380613700   -0.0031120400
  -0.1153636600    0.0487310500   -0.0016860700
   0.0138505800    0.0298320300    0.0006609700
  -0.0076050700   -0.0162541000   -0.0011490800
  -0.0424820300    0.0045872700   -0.0016804700
  -0.2295682900   -0.1089211000    0.0043314600
  -0.2723168400    0.1026735400   -0.0033682000
   0.0027639800   -0.0244959100    0.0006033600
  -0.0045175800    0.0028817800    0.0038159100
   0.0027858000   -0.0000993900    0.0004872000
  -0.0077486900    0.0093037600   -0.0047841400
   0.0064341600   -0.0004379000    0.0000589400
  -0.0028124800    0.0005262500    0.0001331600
   0.0070521900   -0.0102659000    0.0056890000

1    
  0.0000000000000000   0.0100000000000000   0.0000000000000000
   0.0263025600   -0.6413148200   -0.0006550800
   0.0004083300    0.3125451400   -0.0021237600
  -0.0652565700    0.0185956900    0.0004668700
   0.0219180800    0.0409318000   -0.0013872700
   0.0238419500   -0.0444581300   -0.0013042000
   0.0537560900    0.1589104800    0.0011185300
  -0.0895224100    0.0975299200   -0.0044636600
  -0.0058965500    0.0131143500    0.0003119000
  -0.0013471300   -0.0007019600    0.0037610700
   0.0029447400    0.0013025100    0.0005806600
  -0.0079281500    0.0067260300   -0.0047161000
   0.0077204200   -0.0042991800   -0.0012269700
  -0.0054077200    0.0015665300   -0.0011631400
   0.0384663700    0.0395516500    0.0108011500

1    
  0.0000000000000000  -0.0100000000000000   0.0000000000000000
  -0.0327638200    0.6625080300   -0.0028198700
  -0.0017850000   -0.3362276800   -0.0002758600
   0.0677001700   -0.0198605100    0.0009852900
  -0.0203959600   -0.0428205500   -0.0011053000
  -0.0233430000    0.0458917400   -0.0020632400
  -0.0481328800   -0.1683088600    0.0029650500
   0.0925348900   -0.0836534300   -0.0050891400
   0.0019192900   -0.0131456200    0.0006599500
   0.0012004900    0.0017752700    0.0038616900
   0.0015683900   -0.0004363100    0.0004952500
  -0.0004930700    0.0066721600   -0.0047410500
   0.0011483000   -0.0000347700    0.0000593900
  -0.0024724100   -0.0078636800   -0.0004824000
  -0.0366853900   -0.0444957900    0.0075502400

1    
  0.0000000000000000   0.0000000000000000   0.0100000000000000
   0.0015709800    0.0020019400   -0.1130617300
  -0.0022823800   -0.0005028100    0.0513667400
   0.0017152200   -0.0006182100   -0.0078784300
   0.0006227100   -0.0014882200    0.0031128500
   0.0003374700    0.0010262200   -0.0086528000
  -0.0014083100   -0.0079144900    0.0641573400
   0.0024197000    0.0070482500    0.0246054800
  -0.0019687900    0.0001820600   -0.0025164800
  -0.0000582100    0.0005416000   -0.0020150900
   0.0022633700    0.0004379000    0.0015854500
  -0.0041841000    0.0067068100   -0.0098235400
   0.0038370600   -0.0014085600   -0.0000862600
  -0.0043840000   -0.0038221500   -0.0028363800
   0.0015192700   -0.0021903500    0.0020428500

1    
  0.0000000000000000   0.0000000000000000  -0.0100000000000000
  -0.0012775300   -0.0001595300    0.1096958900
  -0.0015818100    0.0000130600   -0.0539102900
  -0.0002550200   -0.0003257600    0.0093276000
   0.0010798400   -0.0000841600   -0.0056119800
   0.0005026900    0.0002841800    0.0052947000
  -0.0001157500   -0.0048526100   -0.0599493700
   0.0043206400    0.0069518900   -0.0341742900
  -0.0019659200    0.0001696900    0.0034855000
  -0.0000766800    0.0005326900    0.0096437900
   0.0022762000    0.0004449900   -0.0005102100
  -0.0042040400    0.0066656200    0.0003657200
   0.0049687800   -0.0029869900   -0.0010133400
  -0.0034995900   -0.0025403700    0.0012703200
  -0.0001718100   -0.0041126900    0.0160859800

2    
  0.0100000000000000   0.0000000000000000   0.0000000000000000
   0.1136695000    0.0010105800   -0.0020337400
  -0.6639384900   -0.0174499800   -0.0011851800
   0.2871337000   -0.1071397700    0.0010015000
   0.0559077500    0.0298802700   -0.0014620900
   0.0183344500   -0.0258957900   -0.0013035800
  -0.0403899900    0.0155616300    0.0024250800
   0.0030083100   -0.0207539300   -0.0045184400
   0.2161624000    0.1176891000    0.0001831400
  -0.0007435000    0.0021778500    0.0038330000
   0.0047712900    0.0036476400    0.0005389200
  -0.0041120300    0.0059340700   -0.0046710500
   0.0051546700   -0.0021270100   -0.0004283000
  -0.0039548500   -0.0013925100   -0.0008461800
   0.0089967900   -0.0011421400    0.0084669100

2    
 -0.0100000000000000   0.0000000000000000   0.0000000000000000
  -0.1122292900   -0.0012762800   -0.0013341500
   0.6523889700    0.0347014300   -0.0013929600
  -0.2700680300    0.0974630700    0.0004749000
  -0.0532298000   -0.0311384200   -0.0010333900
  -0.0173965800    0.0270419100   -0.0020576800
   0.0396969500   -0.0277653400    0.0017118900
   0.0017488500    0.0358699400   -0.0050344700
  -0.2291191300   -0.1263643600    0.0008076900
   0.0007083100   -0.0011295700    0.0037931000
  -0.0001710100   -0.0027695200    0.0005376600
  -0.0043177900    0.0074126700   -0.0047860800
   0.0036837000   -0.0022496300   -0.0007040300
  -0.0039688700   -0.0050014900   -0.0007458000
  -0.0077262900   -0.0047944100    0.0097633300

2    
  0.0000000000000000   0.0100000000000000   0.0000000000000000
  -0.0499333200    0.3360613800   -0.0019969000
  -0.0250783700   -0.6542373500    0.0004876100
  -0.0479773300    0.1440903800    0.0005999500
  -0.0069975800   -0.0493309400   -0.0009943300
  -0.0205445700    0.0333651900   -0.0023200200
   0.0591027200    0.0308247800    0.0022891800
   0.0030160300    0.0153233400   -0.0048685700
   0.1177211400    0.1393946700    0.0002184800
  -0.0273636500    0.0086836900    0.0037994200
   0.0064070800    0.0018681900    0.0005162600
  -0.0053316000    0.0072437200   -0.0047991700
   0.0036572100   -0.0017047600   -0.0006274100
  -0.0039092300   -0.0029629900    0.0004752400
  -0.0027685400   -0.0086193100    0.0072202600

2    
  0.0000000000000000  -0.0100000000000000   0.0000000000000000
   0.0478833300   -0.3127158400   -0.0014774000
   0.0270294300    0.6312231100   -0.0029094800
   0.0520202500   -0.1449432500    0.0008553500
   0.0085000700    0.0473584700   -0.0014965700
   0.0210731900   -0.0318276200   -0.0010486000
  -0.0587362600   -0.0423374800    0.0018395200
   0.0016952800   -0.0001293600   -0.0046904500
  -0.1272224300   -0.1404132200    0.0007648200
   0.0275644100   -0.0078774600    0.0038284100
  -0.0018589900   -0.0010096200    0.0005598100
  -0.0031079400    0.0061313200   -0.0046592500
   0.0051690600   -0.0026623600   -0.0005095600
  -0.0039938600   -0.0034234100   -0.0020598900
   0.0039844600    0.0026267200    0.0110032800

2    
  0.0000000000000000   0.0000000000000000   0.0100000000000000
   0.0011561400   -0.0009419000    0.0509651400
  -0.0021848600    0.0005325800   -0.1253257300
   0.0001058400   -0.0003578500    0.0583021400
   0.0010313500   -0.0006250300   -0.0087052900
   0.0004530700    0.0005349800    0.0026811600
  -0.0007883400   -0.0069901200   -0.0003868600
   0.0023845400    0.0075188500   -0.0066016900
  -0.0014205000    0.0004709600    0.0339849900
   0.0000029100    0.0004927300    0.0024480400
   0.0022681400    0.0004318900   -0.0058188700
  -0.0041953000    0.0066751400   -0.0038029200
   0.0035105000   -0.0016531100   -0.0000822700
  -0.0038298500   -0.0027557400   -0.0024454200
   0.0015063600   -0.0033334000    0.0047875900

2    
  0.0000000000000000   0.0000000000000000  -0.0100000000000000
   0.0003126300    0.0009033000   -0.0543124400
  -0.0023911800   -0.0028594400    0.1227971700
   0.0002224900    0.0002622400   -0.0568590400
   0.0007182300   -0.0012066600    0.0062148500
   0.0001963500    0.0007670400   -0.0060455100
   0.0003912000   -0.0051674900    0.0045234000
   0.0024066800    0.0074022100   -0.0029517800
  -0.0008004400    0.0011400400   -0.0330261100
  -0.0001156300    0.0005475500    0.0051755700
   0.0022981000    0.0004594700    0.0068969700
  -0.0042261000    0.0067007200   -0.0056555700
   0.0053314300   -0.0027183900   -0.0010551600
  -0.0040928300   -0.0036321600    0.0008551300
  -0.0002509300   -0.0025984300    0.0134425300

3    
  0.0100000000000000   0.0000000000000000   0.0000000000000000
  -0.0125906000   -0.0654644000   -0.0007020000
   0.2686432900   -0.0469211400   -0.0013329700
  -0.6059061300   -0.0021844700    0.0006042300
   0.2460111500    0.0749050600   -0.0011246600
  -0.0316862300    0.0558639600   -0.0026158500
   0.0587034400    0.0010181800    0.0021401500
   0.0001457900    0.0082346100   -0.0047325200
   0.0143718700   -0.0104797900    0.0005039400
   0.0542082900   -0.0267323000    0.0038480100
   0.0195103000    0.0171842900    0.0005109500
  -0.0060478700    0.0043511700   -0.0047500400
   0.0039802000   -0.0018463200   -0.0010656200
  -0.0042020100   -0.0035278600   -0.0001539700
  -0.0051414900   -0.0044009800    0.0088703400

3    
 -0.0100000000000000   0.0000000000000000   0.0000000000000000
   0.0136669600    0.0674924200   -0.0026713500
  -0.2885620800    0.0532471200   -0.0012165200
   0.6144607200   -0.0188465100    0.0008969700
  -0.2343089100   -0.0674910300   -0.0013866200
   0.0323852100   -0.0544126600   -0.0007528200
  -0.0590982700   -0.0133724600    0.0020014200
   0.0046664700    0.0066440000   -0.0048203300
  -0.0189025500    0.0109723500    0.0004653700
  -0.0550891900    0.0298454000    0.0037744200
  -0.0143639200   -0.0160758500    0.0005653400
  -0.0023644400    0.0090426400   -0.0047071000
   0.0048502600   -0.0025246900   -0.0000711600
  -0.0037135400   -0.0028814700   -0.0014320600
   0.0063732800   -0.0016392700    0.0093544300

3    
  0.0000000000000000   0.0100000000000000   0.0000000000000000
  -0.0299836400    0.0201413300   -0.0018287400
  -0.1053462100    0.1432487200   -0.0015730000
   0.0059465700   -0.6770957500    0.0019828800
   0.1273037200    0.1830942900   -0.0015343500
   0.0195296800    0.0391193200   -0.0020413800
   0.0070642700   -0.0121853000    0.0014285800
   0.0019440100    0.0126122300   -0.0048807000
   0.0160539000   -0.0095258500    0.0005317500
  -0.0270639900    0.3012254000    0.0034887500
  -0.0098557900   -0.0095947900    0.0005798500
  -0.0052953300    0.0114627100   -0.0048397900
   0.0049614500   -0.0025061100   -0.0012789100
  -0.0044838100   -0.0037167600   -0.0013762300
  -0.0007748200    0.0037205600    0.0113412900

3    
  0.0000000000000000  -0.0100000000000000   0.0000000000000000
   0.0307465200   -0.0183128200   -0.0015399200
   0.0990805700   -0.1457815900   -0.0009545900
  -0.0107261300    0.6933850900   -0.0005461100
  -0.1194113800   -0.1825803500   -0.0009672900
  -0.0185262900   -0.0371610100   -0.0013303400
  -0.0073302000    0.0001711800    0.0027112900
   0.0028440200    0.0022846300   -0.0046739200
  -0.0199252600    0.0099812700    0.0004390500
   0.0295949800   -0.3201500800    0.0041706900
   0.0143167300    0.0105120500    0.0004972600
  -0.0030964600    0.0019736300   -0.0046189400
   0.0038761100   -0.0018616300    0.0001449300
  -0.0034370100   -0.0026919400   -0.0002036600
   0.0019938100   -0.0097684400    0.0068715500

3    
  0.0000000000000000   0.0000000000000000   0.0100000000000000
   0.0005550200    0.0004575800   -0.0102838200
  -0.0009906400   -0.0012445900    0.0563199300
   0.0007629100    0.0003537100   -0.1129305600
  -0.0000437500   -0.0013538800    0.0563402400
   0.0004422200    0.0003380300   -0.0102832500
  -0.0002185800   -0.0055944900    0.0077442100
   0.0023572800    0.0074231300   -0.0113896200
  -0.0020325900    0.0002220000   -0.0027861500
  -0.0001496700    0.0011961700    0.0322864300
   0.0023391700    0.0004777100   -0.0027325400
  -0.0041540900    0.0066967500   -0.0113415300
   0.0043691900   -0.0023062500   -0.0005598900
  -0.0038856800   -0.0033125100   -0.0007837900
   0.0006492100   -0.0033533600    0.0104003400

3    
  0.0000000000000000   0.0000000000000000  -0.0100000000000000
   0.0004339000    0.0009802000    0.0069219900
  -0.0015145600   -0.0009926800   -0.0588405600
   0.0010549800   -0.0021736600    0.1143825000
   0.0003996100   -0.0010033100   -0.0588295200
   0.0004481900    0.0008725600    0.0069221600
  -0.0001249900   -0.0064656100   -0.0035829200
   0.0024567700    0.0074653100    0.0018359700
  -0.0019324500    0.0001655200    0.0037550300
  -0.0002415100    0.0020317400   -0.0246732600
   0.0022536800    0.0004000800    0.0038080700
  -0.0042600200    0.0067166000    0.0018836400
   0.0044498400   -0.0020595800   -0.0005530800
  -0.0040172500   -0.0030895400   -0.0007768600
   0.0005938000   -0.0028476300    0.0077468400

4    
  0.0100000000000000   0.0000000000000000   0.0000000000000000
   0.0090415100    0.0218816200   -0.0019108300
   0.0521087900   -0.0086345700   -0.0011074400
   0.2363973100    0.1182386200    0.0005124200
  -0.6702252700    0.0290837100   -0.0017494800
   0.1135276000   -0.0481894200   -0.0012874400
  -0.0195332200   -0.0400350800    0.0016739600
   0.0021549800    0.0079728800   -0.0048174700
   0.0019804400   -0.0024584700    0.0004892800
  -0.0058563300   -0.0042000200    0.0037974600
   0.2800956800   -0.0968217900    0.0009153400
  -0.0090905900    0.0322830700   -0.0049611300
   0.0048252500   -0.0039404000   -0.0007976600
  -0.0033843400   -0.0032469800   -0.0009106700
   0.0079582100   -0.0019331600    0.0101536600

4    
 -0.0100000000000000   0.0000000000000000   0.0000000000000000
  -0.0081266800   -0.0204300000   -0.0014529200
  -0.0570296300    0.0068610200   -0.0014192900
  -0.2439176500   -0.1285830700    0.0009569000
   0.6666288400   -0.0117682900   -0.0007969100
  -0.1119391100    0.0475920000   -0.0020787900
   0.0194236300    0.0280790900    0.0024648800
   0.0026883100    0.0068572600   -0.0047356600
  -0.0059613200    0.0028424200    0.0004808500
   0.0056407000    0.0053116300    0.0038284600
  -0.2607236000    0.0896153500    0.0001899300
   0.0006480400   -0.0187705600   -0.0044958100
   0.0040109300   -0.0004123600   -0.0003456100
  -0.0045395100   -0.0031707400   -0.0006694600
  -0.0068029400   -0.0040237500    0.0080734400

4    
  0.0000000000000000   0.0100000000000000   0.0000000000000000
   0.0161534100    0.0427522800   -0.0023862000
   0.0286060700   -0.0493461500   -0.0009706900
   0.0689321000    0.1809415000    0.0005531900
   0.0249743600   -0.6435939900    0.0004337900
   0.0012462600    0.3362557300   -0.0019136900
  -0.0718275300    0.0100932100    0.0022071000
   0.0033517400    0.0083515000   -0.0048576000
  -0.0055284900    0.0001315100    0.0004623100
   0.0241113700    0.0136259600    0.0037971000
  -0.0904968500    0.0931749600    0.0003415600
  -0.0076177100    0.0201619600   -0.0048739500
   0.0044074500   -0.0023463200    0.0006824800
  -0.0031811500   -0.0025674000   -0.0008784900
   0.0068689800   -0.0076347600    0.0074030800

4    
  0.0000000000000000  -0.0100000000000000   0.0000000000000000
  -0.0148405100   -0.0410011400   -0.0009816000
  -0.0324067700    0.0473394800   -0.0015524500
  -0.0733594700   -0.1847358700    0.0009080200
  -0.0158618000    0.6213080700   -0.0028235100
  -0.0028971900   -0.3129463300   -0.0015609100
   0.0708083800   -0.0219360300    0.0019213200
   0.0014928200    0.0065021300   -0.0046968000
   0.0016184600    0.0002514000    0.0005065800
  -0.0246119600   -0.0129798900    0.0038304400
   0.0967457600   -0.0912936900    0.0007401300
  -0.0007295400   -0.0062929900   -0.0045898900
   0.0044088500   -0.0020077800   -0.0018201800
  -0.0047267600   -0.0038393700   -0.0007057400
  -0.0056402700    0.0016320100    0.0108245800

4    
  0.0000000000000000   0.0000000000000000   0.0100000000000000
   0.0005028100    0.0006481300    0.0026797300
  -0.0022046800   -0.0007620000   -0.0087212800
   0.0015785000   -0.0001926300    0.0583066400
   0.0007267600    0.0006305000   -0.1253087400
   0.0001567800   -0.0011561300    0.0509650100
   0.0006367900   -0.0068360600   -0.0003864300
   0.0024024900    0.0074117100   -0.0038508400
  -0.0019538200    0.0001938300   -0.0058723300
  -0.0001473200    0.0004779200    0.0024479500
   0.0016874200    0.0005898200    0.0340331000
  -0.0042017400    0.0067847900   -0.0065539000
   0.0041967100   -0.0017734200   -0.0022202300
  -0.0031903600   -0.0024912800   -0.0003046500
  -0.0001903200   -0.0035252000    0.0047859700

4    
  0.0000000000000000   0.0000000000000000  -0.0100000000000000
   0.0007009600    0.0009305100   -0.0060448900
  -0.0017757200   -0.0012653600    0.0061989400
   0.0013153400    0.0003759200   -0.0568637900
   0.0016793000   -0.0026239600    0.1228111900
   0.0005840700    0.0008221600   -0.0543115800
  -0.0009070100   -0.0053032700    0.0045229500
   0.0024255700    0.0074420500   -0.0057034000
  -0.0019886300    0.0002132900    0.0068437300
  -0.0000435200    0.0005543900    0.0051754600
   0.0009385500    0.0011062800   -0.0329676300
  -0.0041972000    0.0066650100   -0.0029036800
   0.0046399100   -0.0025749100    0.0010782400
  -0.0047356400   -0.0039223400   -0.0012796600
   0.0013640100   -0.0024197500    0.0134441100

5    
  0.0100000000000000   0.0000000000000000   0.0000000000000000
   0.0434148500    0.0241350200   -0.0017647500
   0.0157393100   -0.0216339700   -0.0011361000
  -0.0309663100    0.0186107800    0.0007178200
   0.1134264700    0.0020972500   -0.0014590700
  -0.6300843200   -0.0343748100   -0.0033012700
   0.2565189300   -0.0870957000    0.0044767500
   0.0044541500    0.0104848500   -0.0048320200
  -0.0021510700   -0.0005736800    0.0004268400
   0.0033382100    0.0039156300    0.0038276600
   0.0027999300   -0.0271111300    0.0006918100
   0.2209089400    0.1311150300   -0.0034364800
   0.0024461600    0.0000766100    0.0004011500
  -0.0056612000   -0.0013642500   -0.0000481300
   0.0058159500   -0.0182816300    0.0054358000

5    
 -0.0100000000000000   0.0000000000000000   0.0000000000000000
  -0.0432146500   -0.0230512400   -0.0015991700
  -0.0199921900    0.0199814300   -0.0013907500
   0.0331102300   -0.0194402800    0.0007256400
  -0.1120396800   -0.0021329500   -0.0010312800
   0.6377909900    0.0166992300   -0.0000431800
  -0.2711904200    0.0834634900   -0.0004293400
   0.0003071300    0.0043630100   -0.0047199400
  -0.0017496400    0.0009941000    0.0005441600
  -0.0034882400   -0.0028454100    0.0037980900
   0.0018129900    0.0277338200    0.0003879500
  -0.2206065100   -0.1087049200   -0.0059709600
   0.0063223700   -0.0043953800   -0.0015588000
  -0.0022221500   -0.0051249200   -0.0015342100
  -0.0048402400    0.0124600100    0.0128217700

5    
  0.0000000000000000   0.0100000000000000   0.0000000000000000
  -0.0033321100   -0.0442507600   -0.0013123100
  -0.0283403400    0.0315270200   -0.0013771700
   0.0556194800    0.0373477600    0.0004623400
  -0.0455879300    0.3128832400   -0.0021758900
  -0.0278539400   -0.6532286600   -0.0009953300
  -0.0301347200    0.1273915000    0.0016443400
   0.0065788500    0.0089656400   -0.0047756600
  -0.0028652200    0.0007413000    0.0005155600
   0.0022157900    0.0003198200    0.0037627000
   0.0034286900    0.0082231200    0.0003949000
   0.1184535700    0.1446740000   -0.0041262400
   0.0043821400    0.0033874000   -0.0007215800
  -0.0071666100   -0.0056335300   -0.0012961500
  -0.0453976500    0.0276521500    0.0100005000

5    
  0.0000000000000000  -0.0100000000000000   0.0000000000000000
   0.0047083300    0.0461003300   -0.0020544600
   0.0245975100   -0.0336681700   -0.0011459600
  -0.0546653200   -0.0389336200    0.0009922700
   0.0502845000   -0.3363160800   -0.0001950300
   0.0231739800    0.6749476600   -0.0025181900
   0.0274742600   -0.1396458000    0.0024676100
  -0.0017602100    0.0059109000   -0.0047775900
  -0.0010161000   -0.0003479100    0.0004537500
  -0.0023868000    0.0007370200    0.0038612000
   0.0011972200   -0.0076373300    0.0006837300
  -0.1212038900   -0.1297639700   -0.0053140400
   0.0043939300   -0.0076782100   -0.0004605300
  -0.0007832800   -0.0007468000   -0.0003044000
   0.0459858700   -0.0329580300    0.0083116500

5    
  0.0000000000000000   0.0000000000000000   0.0100000000000000
   0.0005081200    0.0011536700   -0.0086524000
  -0.0016175900   -0.0015175300    0.0030985800
   0.0000547300   -0.0007983000   -0.0078777800
   0.0010483300   -0.0003539300    0.0513828800
  -0.0008871500    0.0016396200   -0.1130640500
   0.0014524400   -0.0076029500    0.0641529100
   0.0023851700    0.0074400600   -0.0098705900
  -0.0019491300    0.0002005600    0.0015326300
  -0.0000974900    0.0005371900   -0.0020148600
   0.0022852600    0.0004251100   -0.0024621200
  -0.0041415500    0.0063117200    0.0246550800
   0.0049636700   -0.0026967500   -0.0026113700
  -0.0035562800   -0.0023211100   -0.0003091200
  -0.0004485500   -0.0024173700    0.0020401900

5    
  0.0000000000000000   0.0000000000000000  -0.0100000000000000
   0.0005110400    0.0003922600    0.0052945600
  -0.0023704100   -0.0002440400   -0.0056283000
   0.0019175000   -0.0000863700    0.0093277600
   0.0002555000   -0.0000033000   -0.0538937100
   0.0023666000    0.0001161100    0.1096861200
  -0.0004890000   -0.0048961800   -0.0599433000
   0.0024141400    0.0074038900    0.0003180000
  -0.0019634000    0.0002045200   -0.0005630300
  -0.0000783500    0.0005330700    0.0096442700
   0.0022853300    0.0004116900    0.0035388400
  -0.0059631000    0.0058185200   -0.0341269400
   0.0038271500   -0.0016340600    0.0014934000
  -0.0043260800   -0.0041063800   -0.0012377500
   0.0016130800   -0.0039097200    0.0160900700

6    
  0.0100000000000000   0.0000000000000000   0.0000000000000000
   0.2295447900    0.0476307700   -0.0022891900
  -0.0420706200    0.0578739900   -0.0018529000
   0.0597865000    0.0068983900    0.0006741400
  -0.0185454700   -0.0724159300   -0.0004712100
   0.2716376800   -0.0319983300   -0.0006501100
  -0.6417877800    0.0036442700    0.0008673700
   0.0201815800    0.0229913600   -0.0046223400
  -0.0035282300   -0.0018750500    0.0005598900
   0.0013950800    0.0007726800    0.0038121500
   0.0002127600    0.0010304600    0.0004904900
   0.0133941300   -0.0034558300   -0.0049209000
   0.0066118000   -0.0354393700   -0.0060881700
  -0.0090687600    0.0264057400    0.0022490900
   0.1122365400   -0.0220631500    0.0122416900

6    
 -0.0100000000000000   0.0000000000000000   0.0000000000000000
  -0.2377552100   -0.0543506100   -0.0009945000
   0.0380116000   -0.0599628800   -0.0006736700
  -0.0580166900   -0.0074963400    0.0007685200
   0.0204050400    0.0702190700   -0.0020145500
  -0.2560746100    0.0257751600   -0.0025944500
   0.6356669500    0.0011452100    0.0030022600
  -0.0159871000   -0.0083296800   -0.0049230300
  -0.0003798500    0.0022520100    0.0004118200
  -0.0015480500    0.0003337900    0.0038136000
   0.0043319400   -0.0001811300    0.0005860300
  -0.0212140300    0.0168099100   -0.0045341400
   0.0021988500    0.0313670000    0.0047304800
   0.0010963500   -0.0327292100   -0.0040243000
  -0.1107351700    0.0151477200    0.0064459200

6    
  0.0000000000000000   0.0100000000000000   0.0000000000000000
   0.1049027700    0.1630758900   -0.0031909000
   0.0196513000    0.0352904400   -0.0021698700
   0.0080256900   -0.0067678600    0.0011685400
  -0.0331078900    0.0149897500   -0.0020095300
  -0.0835905200    0.1342593400   -0.0030344600
   0.0040152700   -0.6647004500    0.0114175700
  -0.0112065200   -0.0002007000   -0.0045649000
  -0.0035627400    0.0047167500    0.0003682200
   0.0001380300    0.0000531300    0.0038168100
   0.0024178800    0.0054461300    0.0004089200
   0.0149576900   -0.0001814900   -0.0045492600
   0.0008077100    0.0104094200    0.0093477000
  -0.0042639400    0.0168202800    0.0100341900
  -0.0191847400    0.2867893700   -0.0170430400

6    
  0.0000000000000000  -0.0100000000000000   0.0000000000000000
  -0.1097425400   -0.1641356400   -0.0001309800
  -0.0236821000   -0.0378691800   -0.0003434800
  -0.0063665300    0.0055858800    0.0002915100
   0.0350116100   -0.0170312000   -0.0004812100
   0.0867926600   -0.1327766900   -0.0003243000
   0.0015039400    0.6348155300   -0.0075774000
   0.0161174700    0.0151718900   -0.0050031000
  -0.0003859600   -0.0043466800    0.0005942600
  -0.0003038500    0.0010689800    0.0038086800
   0.0021608700   -0.0045828500    0.0006620800
  -0.0234212800    0.0136261000   -0.0049173500
   0.0075784900   -0.0141978300   -0.0104609600
  -0.0033231100   -0.0223549000   -0.0116248800
   0.0180603000   -0.2729734000    0.0355071200

6    
  0.0000000000000000   0.0000000000000000   0.0100000000000000
  -0.0010638700    0.0002063700    0.0603526200
  -0.0016970500   -0.0007468500   -0.0037091500
   0.0009211600   -0.0010429300    0.0063857800
   0.0005327700   -0.0007187900   -0.0036931400
   0.0020905200    0.0004358800    0.0603471600
  -0.0012204700    0.0033301600   -0.1462457500
   0.0024136900    0.0074029800   -0.0083315300
  -0.0019910200    0.0002097200   -0.0065444200
  -0.0000829800    0.0005832000    0.0043520600
   0.0023014900    0.0004561500   -0.0064907100
  -0.0042053900    0.0066650000   -0.0082834400
   0.0056280000   -0.0134166300    0.0039963100
  -0.0027238200   -0.0144122600    0.0037757200
  -0.0009030200    0.0110480000    0.0440884800

6    
  0.0000000000000000   0.0000000000000000  -0.0100000000000000
   0.0035203800    0.0020510700   -0.0637549500
  -0.0024115000   -0.0011975500    0.0012002300
   0.0007828400    0.0002377500   -0.0049415600
   0.0013249400   -0.0010060600    0.0012159100
  -0.0028104600    0.0012584400   -0.0637489900
   0.0009121900   -0.0156758600    0.1503965000
   0.0023545200    0.0074581300   -0.0012229400
  -0.0019218400    0.0001502400    0.0075150200
  -0.0000747800    0.0005087500    0.0032739100
   0.0022465500    0.0003832900    0.0075679500
  -0.0041584000    0.0067311600   -0.0011752400
   0.0031759900    0.0091776100   -0.0050888800
  -0.0051919900    0.0081372200   -0.0053161500
   0.0022515700   -0.0182142000   -0.0259208200

7    
  0.0100000000000000   0.0000000000000000   0.0000000000000000
   0.2749569400   -0.0941569300   -0.0026682000
  -0.0014836100   -0.0001968100   -0.0012732700
  -0.0014027400   -0.0008525100    0.0006736600
   0.0005699600    0.0000819100   -0.0012589300
   0.0024360300    0.0048028500   -0.0016979700
   0.0180278700   -0.0198106200    0.0020975900
  -0.2891456400    0.1106118200   -0.0035735400
  -0.0027866700   -0.0000763600    0.0005257800
   0.0000751500    0.0006623600    0.0038044400
   0.0023213800    0.0003666700    0.0005412800
  -0.0031683900    0.0061210300   -0.0047208600
   0.0048809900   -0.0006477500   -0.0009262900
  -0.0042782100   -0.0031309500   -0.0008915700
  -0.0010030500   -0.0037747100    0.0093678800

7    
 -0.0100000000000000   0.0000000000000000   0.0000000000000000
  -0.2600000500    0.0880965000   -0.0007650100
  -0.0027419400   -0.0015203400   -0.0012511500
   0.0031183700    0.0000486700    0.0007745500
   0.0011012500   -0.0017772800   -0.0012341700
  -0.0017115900   -0.0035374200   -0.0016698400
  -0.0181384900    0.0075155300    0.0020386200
   0.2802638800   -0.0882924500   -0.0059192100
  -0.0011027800    0.0004591400    0.0004447600
  -0.0002503100    0.0004405200    0.0038218800
   0.0022114000    0.0005128000    0.0005357200
  -0.0052520200    0.0072591600   -0.0047374700
   0.0039572700   -0.0037154200   -0.0002076800
  -0.0036574500   -0.0032869100   -0.0006931200
   0.0022024700   -0.0022025200    0.0088621300

7    
  0.0000000000000000   0.0100000000000000   0.0000000000000000
  -0.0896853400    0.0918633300   -0.0016400500
  -0.0301022600    0.0066590300   -0.0012025700
   0.0016806300    0.0047153900    0.0007051200
   0.0013830200    0.0000539700   -0.0012614700
   0.0033947500    0.0021674200   -0.0016651800
   0.0154252600   -0.0137844300    0.0020405400
   0.1008467400   -0.0883411500   -0.0047906100
  -0.0016557100   -0.0007125300    0.0004777100
  -0.0014785200    0.0010634900    0.0038052600
   0.0021729500    0.0003712400    0.0005395200
  -0.0033210900    0.0062598000   -0.0047058100
   0.0038814600   -0.0019382500   -0.0009747400
  -0.0041529700   -0.0033374500   -0.0008138800
   0.0016110700   -0.0050398800    0.0094861500

7    
  0.0000000000000000  -0.0100000000000000   0.0000000000000000
   0.0924110300   -0.0893308100   -0.0017366300
   0.0265243400   -0.0087917200   -0.0013204000
   0.0000896300   -0.0056129100    0.0007452100
   0.0002660700   -0.0017943800   -0.0012310100
  -0.0027288500   -0.0008869100   -0.0017013600
  -0.0158944700    0.0015908300    0.0020965000
  -0.0978635200    0.1024840400   -0.0047605700
  -0.0022473200    0.0011055600    0.0004922700
   0.0013242600    0.0000253300    0.0038208300
   0.0023588200    0.0005077600    0.0005374800
  -0.0051107900    0.0071152300   -0.0047520000
   0.0049571700   -0.0024392200   -0.0001683600
  -0.0037773800   -0.0030681900   -0.0007665100
  -0.0003089900   -0.0009046000    0.0087445500

7    
  0.0000000000000000   0.0000000000000000   0.0100000000000000
  -0.0020302000    0.0016439200    0.0277218500
  -0.0016743900   -0.0011018100   -0.0030878400
   0.0008785000   -0.0005427000   -0.0058875700
   0.0007975800   -0.0009281400   -0.0003199600
   0.0002970600    0.0006554500   -0.0067772600
   0.0000332700   -0.0058608100   -0.0014813700
   0.0047549900    0.0069094200   -0.0252584300
  -0.0019546200    0.0002290100    0.0044508700
  -0.0000535000    0.0005364600    0.0032740500
   0.0022672800    0.0004394700    0.0014147900
  -0.0042224000    0.0067075900   -0.0047145500
   0.0051466300   -0.0026414900   -0.0007885000
  -0.0040991500   -0.0033157800   -0.0001561800
  -0.0001410500   -0.0027305900    0.0116101000

7    
  0.0000000000000000   0.0000000000000000  -0.0100000000000000
   0.0007213600    0.0010207700   -0.0310635500
  -0.0021878900   -0.0009241800    0.0005623100
   0.0007900900   -0.0003333700    0.0073377600
   0.0008771700   -0.0007687000   -0.0021727100
   0.0004055200    0.0006551500    0.0034112100
  -0.0002677100   -0.0062993100    0.0056273400
   0.0024117000    0.0069396800    0.0156627900
  -0.0019495100    0.0001706000   -0.0034804300
  -0.0001048800    0.0005571000    0.0043529700
   0.0022641700    0.0004412900   -0.0003375400
  -0.0041976400    0.0066665900   -0.0047432500
   0.0036805700   -0.0017448600   -0.0003384000
  -0.0038235900   -0.0030938000   -0.0014226800
   0.0013806500   -0.0032869500    0.0066041700

8    
  0.0100000000000000   0.0000000000000000   0.0000000000000000
  -0.0042678300   -0.0032543600   -0.0016853700
   0.2249474500    0.1258475900   -0.0015834200
   0.0176283200    0.0176464000    0.0006739600
   0.0048284200   -0.0044147800   -0.0012293800
   0.0001482200   -0.0002851400   -0.0016765700
  -0.0017223100   -0.0077471000    0.0020346700
   0.0015846000    0.0077399000   -0.0047793300
  -0.2421702500   -0.1355374000    0.0008279700
  -0.0010074500    0.0002514000    0.0038071200
   0.0032873800    0.0013647100    0.0005394200
  -0.0041990700    0.0067972100   -0.0047298300
   0.0044349100   -0.0021961100   -0.0005852900
  -0.0040032800   -0.0033168500   -0.0008069800
   0.0005108800   -0.0028954900    0.0091930200

8    
 -0.0100000000000000   0.0000000000000000   0.0000000000000000
   0.0051441900    0.0045671300   -0.0016829100
  -0.2203458000   -0.1192076700   -0.0009627200
  -0.0156460800   -0.0183394700    0.0007740500
  -0.0031132500    0.0027293000   -0.0012644900
   0.0005504000    0.0015665200   -0.0016909700
   0.0014259500   -0.0045664500    0.0021037500
   0.0032676100    0.0071481900   -0.0047756400
   0.2296817900    0.1275239800    0.0001627000
   0.0008327300    0.0008412900    0.0038187400
   0.0012542200   -0.0004867700    0.0005370600
  -0.0042264100    0.0065758200   -0.0047286300
   0.0044128700   -0.0021698700   -0.0005511500
  -0.0039296800   -0.0030977500   -0.0007791600
   0.0006914700   -0.0030842400    0.0090393700

8    
  0.0000000000000000   0.0100000000000000   0.0000000000000000
   0.0253788900    0.0140726400   -0.0016787200
   0.1225783700    0.1396097100   -0.0016021200
  -0.0099693800   -0.0102682600    0.0007540600
  -0.0018450100   -0.0008973600   -0.0012565700
  -0.0004473900    0.0012004500   -0.0016854100
  -0.0022033000   -0.0015676100    0.0020997600
   0.0021467600    0.0065147600   -0.0047468100
  -0.1360721700   -0.1478825700    0.0008508100
   0.0003911800   -0.0001515000    0.0038194300
   0.0016346900    0.0000975200    0.0005377500
  -0.0041228900    0.0066595500   -0.0047295800
   0.0044918700   -0.0022540100   -0.0005837900
  -0.0039887700   -0.0027159200   -0.0007029800
   0.0020271500   -0.0024173900    0.0089241700

8    
  0.0000000000000000  -0.0100000000000000   0.0000000000000000
  -0.0238847400   -0.0121876900   -0.0016918600
  -0.1213491500   -0.1402138000   -0.0009341500
   0.0114835500    0.0092382100    0.0006957400
   0.0034559200   -0.0007781900   -0.0012369400
   0.0011237800    0.0001149000   -0.0016822600
   0.0019230400   -0.0106253400    0.0020404900
   0.0026806700    0.0083342400   -0.0048069200
   0.1268766000    0.1467234500    0.0001294200
  -0.0005051700    0.0012601300    0.0038066000
   0.0028877300    0.0007704900    0.0005388300
  -0.0043038000    0.0067158500   -0.0047288800
   0.0043586200   -0.0021112400   -0.0005533200
  -0.0039415800   -0.0036892100   -0.0008819600
  -0.0008054900   -0.0035518000    0.0093052100

8    
  0.0000000000000000   0.0000000000000000   0.0100000000000000
   0.0004745500    0.0006664900   -0.0046851900
  -0.0033481200   -0.0019975900    0.0322516700
   0.0009261100   -0.0003939600   -0.0025463600
   0.0008350100   -0.0008895900   -0.0076041300
   0.0002864200    0.0006850600   -0.0006357700
  -0.0000973800   -0.0062387300   -0.0049599300
   0.0024573900    0.0074213000   -0.0008115000
  -0.0005997500    0.0012920300   -0.0226746100
  -0.0000775400    0.0005529500    0.0074129700
   0.0022677000    0.0004381500    0.0004038600
  -0.0042161800    0.0066874400   -0.0038527600
   0.0044754500   -0.0021934300   -0.0005704300
  -0.0039796400   -0.0031730500   -0.0006255800
   0.0005959700   -0.0028570700    0.0088977800

8    
  0.0000000000000000   0.0000000000000000  -0.0100000000000000
   0.0007095000    0.0010130300    0.0013165000
  -0.0027241400   -0.0014515700   -0.0347657300
   0.0008873400   -0.0004867500    0.0039947600
   0.0008268100   -0.0008459600    0.0051110700
   0.0004043100    0.0006223600   -0.0027316800
  -0.0002453900   -0.0060142100    0.0090989500
   0.0023764700    0.0074357500   -0.0087430800
  -0.0012640500    0.0005707400    0.0236336500
  -0.0000781900    0.0005466700    0.0002129200
   0.0022692900    0.0004399300    0.0006728200
  -0.0042103100    0.0066864600   -0.0056057000
   0.0043734700   -0.0021730500   -0.0005670200
  -0.0039522000   -0.0032336500   -0.0009610300
   0.0006271000   -0.0031097500    0.0093335700

9    
  0.0100000000000000   0.0000000000000000   0.0000000000000000
   0.0050251200   -0.0004658700   -0.0016755400
  -0.0027441600   -0.0282695700   -0.0012037300
   0.0558555600   -0.0298252200    0.0007720600
  -0.0048884000    0.0235703600   -0.0012987200
   0.0037442500    0.0029660200   -0.0016938600
   0.0013089400   -0.0059157100    0.0020646300
   0.0025754500    0.0060274600   -0.0047517600
  -0.0028795300    0.0006589200    0.0004852100
  -0.0557716200    0.0317217400    0.0037626900
   0.0013950300   -0.0000298100    0.0005370500
  -0.0043023900    0.0079534300   -0.0047523400
   0.0044451700   -0.0020643800   -0.0005991700
  -0.0039372500   -0.0033083900   -0.0007672700
   0.0001738400   -0.0030189800    0.0091207400

9    
 -0.0100000000000000   0.0000000000000000   0.0000000000000000
  -0.0038568200    0.0020811500   -0.0016940600
  -0.0012897800    0.0266583600   -0.0013222300
  -0.0534477700    0.0267559200    0.0006801000
   0.0066101500   -0.0251470500   -0.0011951300
  -0.0030831500   -0.0016392500   -0.0016746700
  -0.0016339800   -0.0063589700    0.0020726000
   0.0022512300    0.0088297700   -0.0048030600
  -0.0010395300   -0.0002368500    0.0004843900
   0.0550053900   -0.0289639300    0.0038652500
   0.0031489300    0.0009430900    0.0005391800
  -0.0041175000    0.0054202100   -0.0047066000
   0.0044055000   -0.0023018600   -0.0005387800
  -0.0039964700   -0.0031006100   -0.0008184700
   0.0010437900   -0.0029399900    0.0091114800

9    
  0.0000000000000000   0.0100000000000000   0.0000000000000000
  -0.0017510200   -0.0004510800   -0.0016802200
  -0.0002687300    0.0072233500   -0.0012891100
  -0.0287381900    0.3197611100    0.0002910200
  -0.0039415100    0.0124104100   -0.0012857000
   0.0037152300    0.0004495700   -0.0016818800
   0.0000610600   -0.0066381000    0.0021060800
   0.0025273300    0.0079401900   -0.0047865400
  -0.0022495700   -0.0005011300    0.0004881100
   0.0315369100   -0.3388089400    0.0042964200
   0.0025227000   -0.0003104400    0.0005412800
  -0.0044569700    0.0074595300   -0.0047439400
   0.0043679600   -0.0022144000   -0.0005469300
  -0.0038955300   -0.0032468800   -0.0007648100
   0.0005703300   -0.0030731900    0.0090562000

9    
  0.0000000000000000  -0.0100000000000000   0.0000000000000000
   0.0029551800    0.0020251500   -0.0016890300
  -0.0035802300   -0.0093316500   -0.0012357500
   0.0279157100   -0.3016177500    0.0011257000
   0.0055732300   -0.0141903400   -0.0012079100
  -0.0030479200    0.0008667100   -0.0016868300
  -0.0003767600   -0.0056243700    0.0020321700
   0.0023053400    0.0069010800   -0.0047676500
  -0.0016607400    0.0009080700    0.0004817900
  -0.0292217200    0.3211743300    0.0033657900
   0.0020105500    0.0011835100    0.0005352700
  -0.0039644300    0.0059096700   -0.0047145600
   0.0044833000   -0.0021497200   -0.0005897100
  -0.0040382700   -0.0031607600   -0.0008193400
   0.0006467500   -0.0028939400    0.0091700600

9    
  0.0000000000000000   0.0000000000000000   0.0100000000000000
   0.0005667000    0.0007214900   -0.0075132800
  -0.0019876800   -0.0009124100   -0.0026266900
   0.0010417000   -0.0021409400    0.0292122200
   0.0008518100   -0.0008162200   -0.0026108400
   0.0003748800    0.0005913800   -0.0075130300
  -0.0001626300   -0.0061129400    0.0026095700
   0.0024052600    0.0074209200   -0.0053168900
  -0.0019606100    0.0002086900    0.0040844100
  -0.0002700700    0.0022907900   -0.0176814800
   0.0022723500    0.0004484400    0.0041376700
  -0.0042003900    0.0066840400   -0.0052690400
   0.0046356900   -0.0022327600   -0.0004706300
  -0.0041612100   -0.0032983400   -0.0006945600
   0.0005942000   -0.0028521500    0.0096525500

9    
  0.0000000000000000   0.0000000000000000  -0.0100000000000000
   0.0005743800    0.0008226700    0.0041448100
  -0.0020277400   -0.0008826300    0.0001010000
   0.0009681000   -0.0014603000   -0.0277526300
   0.0008832000   -0.0007828400    0.0001168600
   0.0003443000    0.0006906200    0.0041453500
  -0.0001616800   -0.0061191800    0.0015311500
   0.0024229900    0.0074361700   -0.0042383100
  -0.0019480700    0.0001960600   -0.0031154700
  -0.0001670800    0.0013593300    0.0253044500
   0.0022626400    0.0004338300   -0.0030620700
  -0.0042207300    0.0066952200   -0.0041903400
   0.0042113200   -0.0021336600   -0.0006639600
  -0.0037684500   -0.0031102500   -0.0008877100
   0.0006268400   -0.0031450500    0.0085668700

10   
  0.0100000000000000   0.0000000000000000   0.0000000000000000
   0.0000555400    0.0014652100   -0.0016905600
   0.0004921400    0.0031997100   -0.0012777400
   0.0177161700   -0.0124830600    0.0007669800
   0.2642278100   -0.0907508100   -0.0008859900
   0.0009948500    0.0016707200   -0.0016836600
  -0.0022272600   -0.0060290800    0.0020968600
   0.0024725600    0.0073325100   -0.0047762200
  -0.0009372100   -0.0004273100    0.0004842300
  -0.0009479600    0.0008042300    0.0038175900
  -0.2781029600    0.0973136000    0.0001499700
  -0.0050598000    0.0064153700   -0.0047339800
   0.0043838900   -0.0021931700   -0.0005761800
  -0.0039447200   -0.0031707300   -0.0007730000
   0.0008769500   -0.0031472000    0.0090817000

10   
 -0.0100000000000000   0.0000000000000000   0.0000000000000000
   0.0011093300    0.0000881000   -0.0016774700
  -0.0044494100   -0.0050655700   -0.0012477100
  -0.0161570100    0.0116953700    0.0006812800
  -0.2766000400    0.0966839700   -0.0016360000
   0.0000079500   -0.0005649100   -0.0016835200
   0.0018919100   -0.0062883500    0.0020418200
   0.0023632100    0.0075186300   -0.0047778600
  -0.0029707900    0.0008256500    0.0004858100
   0.0008071600    0.0002918100    0.0038086200
   0.2965372100   -0.1039191300    0.0009559400
  -0.0033816000    0.0069772500   -0.0047248400
   0.0044663400   -0.0021783300   -0.0005633900
  -0.0039837300   -0.0032371000   -0.0008123100
   0.0003594600   -0.0028273900    0.0091496400

10   
  0.0000000000000000   0.0100000000000000   0.0000000000000000
   0.0011334300    0.0016619700   -0.0016876700
   0.0012603500    0.0005125200   -0.0012757800
   0.0175239500   -0.0105301900    0.0007644600
  -0.0929970300    0.0908747900   -0.0015069200
  -0.0272591300    0.0087043700   -0.0016781100
   0.0004186200   -0.0010864800    0.0021065400
   0.0023436300    0.0073599200   -0.0047776400
  -0.0010241800   -0.0001382700    0.0004840300
  -0.0005879300   -0.0001972700    0.0038202600
   0.1036782500   -0.0952004700    0.0008204500
  -0.0039306600    0.0057804800   -0.0046994800
   0.0043323000   -0.0016919400   -0.0004780600
  -0.0040143000   -0.0032832100   -0.0008034500
  -0.0008773100   -0.0027662200    0.0089113600

10   
  0.0000000000000000  -0.0100000000000000   0.0000000000000000
   0.0000382600   -0.0000770700   -0.0016807900
  -0.0051567500   -0.0023656000   -0.0012492300
  -0.0157346200    0.0095783800    0.0006854600
   0.0932338400   -0.0936035100   -0.0009896900
   0.0275866000   -0.0071543200   -0.0016918400
  -0.0007918900   -0.0111190500    0.0020335700
   0.0024902600    0.0074964800   -0.0047765700
  -0.0028748000    0.0005340900    0.0004859500
   0.0003850700    0.0012972900    0.0038057900
  -0.0973676200    0.0968113100    0.0002625100
  -0.0044969200    0.0076039400   -0.0047586300
   0.0045131400   -0.0026698800   -0.0006601000
  -0.0039169100   -0.0031235100   -0.0007820800
   0.0020923400   -0.0032085500    0.0093156500

10   
  0.0000000000000000   0.0000000000000000   0.0100000000000000
   0.0006325600    0.0008300300   -0.0006363200
  -0.0019572700   -0.0009782900   -0.0076201900
   0.0007803300   -0.0004107800   -0.0025462100
   0.0024135600   -0.0015841400    0.0322621000
   0.0004762300    0.0005575500   -0.0046846500
  -0.0001984100   -0.0062511500   -0.0049597200
   0.0024200900    0.0074274200   -0.0039010600
  -0.0019536800    0.0001993300    0.0003502800
  -0.0000813500    0.0005520700    0.0074126500
   0.0007069700    0.0012109500   -0.0226167800
  -0.0042506900    0.0066733700   -0.0007639300
   0.0044337400   -0.0021494200   -0.0004009500
  -0.0040154300   -0.0032260700   -0.0007931800
   0.0005933300   -0.0028508600    0.0088979600

10   
  0.0000000000000000   0.0000000000000000  -0.0100000000000000
   0.0005306800    0.0007449400   -0.0027321000
  -0.0019584500   -0.0009347500    0.0050953100
   0.0008346300   -0.0004942200    0.0039944900
   0.0016891900   -0.0011862300   -0.0347445900
   0.0001726200    0.0008470000    0.0013166500
  -0.0001030600   -0.0059980300    0.0090983400
   0.0024140200    0.0074253300   -0.0056532500
  -0.0019562800    0.0001998100    0.0006196900
  -0.0000789400    0.0005445900    0.0002130500
   0.0015122400    0.0006515500    0.0236850900
  -0.0041745300    0.0067047800   -0.0086949100
   0.0044155900   -0.0022139300   -0.0007375400
  -0.0039163200   -0.0031823900   -0.0007914600
   0.0006186200   -0.0031084500    0.0093312200

11   
  0.0100000000000000   0.0000000000000000   0.0000000000000000
   0.0041358000   -0.0029498300   -0.0016741900
  -0.0018641500   -0.0020482500   -0.0012474100
  -0.0009956500   -0.0014984400    0.0007774300
  -0.0038938700   -0.0041892700   -0.0012477100
   0.2169487900    0.1163182600   -0.0007979500
   0.0169733000    0.0129818000    0.0020443500
   0.0034536700    0.0083210600   -0.0047899500
  -0.0019386600    0.0002922200    0.0004820300
  -0.0001641700    0.0003068500    0.0038230500
   0.0014166500    0.0007055400    0.0005005200
  -0.2339045900   -0.1191996400   -0.0058379600
   0.0041027200   -0.0023073100   -0.0004667800
  -0.0033000900   -0.0046411400   -0.0003556700
  -0.0009697600   -0.0020918600    0.0087902400

11   
 -0.0100000000000000   0.0000000000000000   0.0000000000000000
  -0.0030101700    0.0044889700   -0.0016939800
  -0.0020699200    0.0001749600   -0.0012775500
   0.0026880500    0.0007005200    0.0006708300
   0.0058432800    0.0027029500   -0.0012443000
  -0.2245770300   -0.1234467000   -0.0026199700
  -0.0176357500   -0.0254026800    0.0020908300
   0.0013705500    0.0065330800   -0.0047639800
  -0.0019675900    0.0001112100    0.0004883000
   0.0000217500    0.0008008200    0.0038032100
   0.0030955500    0.0001403200    0.0005765400
   0.2339037500    0.1409041300   -0.0035687200
   0.0047505200   -0.0020664500   -0.0006728500
  -0.0046201500   -0.0017526800   -0.0012316000
   0.0022071600   -0.0038884500    0.0094432300

11   
  0.0000000000000000   0.0100000000000000   0.0000000000000000
  -0.0020066900    0.0007969600   -0.0016637100
  -0.0026887200   -0.0004009900   -0.0012747200
  -0.0015150300    0.0042853500    0.0007159300
   0.0262057800    0.0122210500   -0.0011865500
   0.1175731300    0.1371759800   -0.0014484800
  -0.0101570800   -0.0129508600    0.0020358900
   0.0018533300    0.0070015600   -0.0047563300
  -0.0018418100    0.0001738000    0.0004853200
   0.0011858900    0.0013191100    0.0038071400
   0.0019889800   -0.0004710600    0.0005224300
  -0.1315469600   -0.1386178200   -0.0049817900
   0.0045672600   -0.0023011600   -0.0005675200
  -0.0033292500   -0.0031627700   -0.0011088700
  -0.0002888300   -0.0050691500    0.0094212500

11   
  0.0000000000000000  -0.0100000000000000   0.0000000000000000
   0.0032155900    0.0007439400   -0.0017045000
  -0.0012102200   -0.0015112600   -0.0012499000
   0.0031751500   -0.0052033100    0.0007340500
  -0.0248534500   -0.0142323800   -0.0013060400
  -0.1221223100   -0.1372736200   -0.0019417700
   0.0101092300    0.0008609400    0.0021026800
   0.0029924500    0.0078566000   -0.0047975700
  -0.0020631900    0.0002280200    0.0004847700
  -0.0013467800   -0.0002307700    0.0038189200
   0.0025501700    0.0013522000    0.0005540900
   0.1284441500    0.1536344100   -0.0044547000
   0.0042747600   -0.0020617000   -0.0005654800
  -0.0045863100   -0.0032622500   -0.0004791500
   0.0014207500   -0.0009008200    0.0088046100

11   
  0.0000000000000000   0.0000000000000000   0.0100000000000000
   0.0006279100    0.0008017000   -0.0067779900
  -0.0019109700   -0.0010098800   -0.0003358100
   0.0008561000   -0.0005445400   -0.0058873300
   0.0005857300   -0.0010715600   -0.0030720000
   0.0027033700    0.0020475600    0.0277229700
  -0.0004074900   -0.0059053100   -0.0014808500
   0.0024227700    0.0074494100   -0.0047624100
  -0.0019538300    0.0002012900    0.0013616900
  -0.0001015600    0.0005327600    0.0032741100
   0.0022615000    0.0004678900    0.0045041700
  -0.0063761600    0.0056850200   -0.0252076900
   0.0045750200   -0.0022634500    0.0000655200
  -0.0045683100   -0.0038062500   -0.0010147900
   0.0012859100   -0.0025846400    0.0116104200

11   
  0.0000000000000000   0.0000000000000000  -0.0100000000000000
   0.0005175700    0.0007744700    0.0034106500
  -0.0020255100   -0.0008706200   -0.0021887800
   0.0008986200   -0.0003237300    0.0073372900
   0.0010508200   -0.0007888300    0.0005779800
   0.0001711700    0.0008589300   -0.0310645800
  -0.0000209300   -0.0062717800    0.0056262800
   0.0024044000    0.0074030500   -0.0047913900
  -0.0019529000    0.0002015500   -0.0003912300
  -0.0000556400    0.0005611400    0.0043527500
   0.0022714800    0.0004077000   -0.0034272200
  -0.0041080300    0.0062101400    0.0157136900
   0.0042644300   -0.0021058900   -0.0011972900
  -0.0033369800   -0.0026178200   -0.0005603600
  -0.0000784800   -0.0034383000    0.0066022000

12   
  0.0100000000000000   0.0000000000000000   0.0000000000000000
  -0.0014258300    0.0040537600   -0.0022493700
  -0.0012267000   -0.0017026900   -0.0021704000
   0.0004237800    0.0001198600    0.0006838600
   0.0012267400   -0.0008714500   -0.0014610000
  -0.0015772800    0.0006727700   -0.0011161300
   0.0019028700   -0.0094068900    0.0032470800
   0.0028807900    0.0069007900   -0.0040497600
  -0.0019415800    0.0002679700    0.0005370800
  -0.0000593800    0.0004912500    0.0040237000
   0.0022258200    0.0003503600    0.0005464200
  -0.0045401100    0.0068309100   -0.0045727800
  -0.3544602000    0.1187773200   -0.1169429000
   0.0139062500   -0.0147758800    0.0107891000
   0.3426648100   -0.1117080900    0.1127350900

12   
 -0.0100000000000000   0.0000000000000000   0.0000000000000000
   0.0026336100   -0.0025179900   -0.0011150400
  -0.0027008100   -0.0001910600   -0.0003491200
   0.0012960300   -0.0009680900    0.0007658700
   0.0004127500   -0.0008630700   -0.0010156900
   0.0022967500    0.0006798400   -0.0022563400
  -0.0025088800   -0.0026500400    0.0007942100
   0.0019584000    0.0079758400   -0.0055138100
  -0.0019633100    0.0001344100    0.0004322000
  -0.0000988300    0.0006079600    0.0035992900
   0.0023061000    0.0005354100    0.0005298500
  -0.0038902900    0.0065398800   -0.0048878900
   0.3461408500   -0.1141435100    0.1071938500
  -0.0213351600    0.0083159000   -0.0122747300
  -0.3245471900    0.0965445100   -0.0859026400

12   
  0.0000000000000000   0.0100000000000000   0.0000000000000000
  -0.0011979600   -0.0013500000   -0.0008944800
  -0.0018964200   -0.0004690800   -0.0007288400
   0.0011916000   -0.0007558900    0.0006009000
  -0.0009321300   -0.0010254700   -0.0008466400
   0.0026023500    0.0061524400   -0.0022237900
  -0.0333319800    0.0059627900   -0.0091513500
   0.0039427400    0.0076799300   -0.0052255800
  -0.0019666600    0.0001311600    0.0004748200
   0.0000388800    0.0005170300    0.0037625700
   0.0022602600    0.0009292600    0.0005714600
  -0.0043353200    0.0065685000   -0.0048084900
   0.1200881600   -0.1076174700    0.0510882000
   0.0131618400   -0.0111092400    0.0068897300
  -0.0996253700    0.0943860500   -0.0395085000

12   
  0.0000000000000000  -0.0100000000000000   0.0000000000000000
   0.0023772200    0.0029130700   -0.0024729000
  -0.0020194200   -0.0014264100   -0.0017939300
   0.0005130100   -0.0001115800    0.0008490000
   0.0025958300   -0.0006868000   -0.0016480000
  -0.0018684400   -0.0049132600   -0.0011615000
   0.0334774400   -0.0186426900    0.0134454500
   0.0008749300    0.0071790000   -0.0043286400
  -0.0019394500    0.0002751600    0.0004953400
  -0.0001983000    0.0005819400    0.0038621500
   0.0022743400   -0.0000488500    0.0005063200
  -0.0040948800    0.0068077800   -0.0046502800
  -0.1125987100    0.1018354600   -0.0529089400
  -0.0211962300    0.0046444300   -0.0086594700
   0.1018026500   -0.0984072300    0.0584653900

12   
  0.0000000000000000   0.0000000000000000   0.0100000000000000
  -0.0000327900    0.0001368200   -0.0012058500
  -0.0018257600   -0.0010034800   -0.0007674800
   0.0003641300   -0.0011387100    0.0007204400
   0.0006090400    0.0003784800   -0.0029018500
   0.0013220800    0.0005205600   -0.0037497800
  -0.0055482800    0.0037331700    0.0066206400
   0.0020633100    0.0070293200   -0.0050109700
  -0.0019697300    0.0001869500    0.0004833800
  -0.0001089600    0.0005712200    0.0039087400
   0.0022600000    0.0005302900    0.0007071600
  -0.0041114500    0.0066860600   -0.0040943700
  -0.1075697300    0.0499112200   -0.0495790500
  -0.0169003900    0.0019261200   -0.0006978900
   0.1314485300   -0.0694680100    0.0555668800

12   
  0.0000000000000000   0.0000000000000000  -0.0100000000000000
   0.0012074100    0.0014214700   -0.0021314400
  -0.0020999800   -0.0008855000   -0.0017401300
   0.0013593300    0.0002864200    0.0007278500
   0.0010588600   -0.0021218100    0.0003971000
  -0.0006389900    0.0007788500    0.0003536800
   0.0052703000   -0.0160765900   -0.0024659500
   0.0027817400    0.0078353700   -0.0045596700
  -0.0019358300    0.0002150300    0.0004854900
  -0.0000481600    0.0005271800    0.0037151600
   0.0022730000    0.0003476800    0.0003708800
  -0.0043157800    0.0066890200   -0.0053589400
   0.1163346500   -0.0540802800    0.0509726700
   0.0089439000   -0.0082565100   -0.0007673800
  -0.1301904400    0.0633196700   -0.0399993100

13   
  0.0100000000000000   0.0000000000000000   0.0000000000000000
  -0.0005539300   -0.0006622100   -0.0021268400
  -0.0019400800   -0.0009091400   -0.0011235200
   0.0006064700   -0.0009499800    0.0007913900
   0.0014158600   -0.0000811600   -0.0004662400
  -0.0013993200   -0.0025778500   -0.0012968700
  -0.0051067600   -0.0064532600    0.0032303400
   0.0021094300    0.0072383900   -0.0049151200
  -0.0019900100    0.0001800100    0.0004695900
  -0.0000491600    0.0006219900    0.0036147700
   0.0022852100    0.0003919900    0.0004889500
  -0.0035528200    0.0073289600   -0.0053536900
   0.0217497300    0.0148813100   -0.0134465100
  -0.2884928000   -0.1553868000    0.0938868700
   0.2749182000    0.1363777700   -0.0737531100

13   
 -0.0100000000000000   0.0000000000000000   0.0000000000000000
   0.0016801400    0.0022734300   -0.0012447400
  -0.0019525900   -0.0009945200   -0.0013870400
   0.0010936000    0.0000970100    0.0006580500
   0.0002604300   -0.0016334600   -0.0020137700
   0.0020426500    0.0038075100   -0.0020635900
   0.0050568500   -0.0055007900    0.0007624600
   0.0027299600    0.0076136200   -0.0046418600
  -0.0019167500    0.0002268800    0.0004994800
  -0.0001085000    0.0004776400    0.0040072700
   0.0022479000    0.0004850200    0.0005864700
  -0.0048754400    0.0060688900   -0.0041183200
  -0.0134910600   -0.0194800600    0.0124013500
   0.2911834000    0.1594565700   -0.1019987600
  -0.2839505900   -0.1528977400    0.0985529900

13   
  0.0000000000000000   0.0100000000000000   0.0000000000000000
  -0.0031420800    0.0054633900   -0.0023347100
  -0.0001554100   -0.0007174300   -0.0008241100
   0.0005350700   -0.0009449000    0.0006126600
   0.0007882600   -0.0002237400   -0.0005340100
   0.0022264800   -0.0017861700   -0.0007925800
   0.0292083500    0.0131816100   -0.0091051800
   0.0024965600    0.0072910900   -0.0048882800
  -0.0020640600    0.0006863100    0.0005154500
  -0.0001830400    0.0005062100    0.0037183100
   0.0022989500    0.0003614100    0.0005169900
  -0.0056523500    0.0067395000   -0.0053224700
  -0.0070063900   -0.0100409400    0.0044352500
  -0.1583974300   -0.1679899700    0.0726651700
   0.1390471000    0.1474736400   -0.0586625000

13   
  0.0000000000000000  -0.0100000000000000   0.0000000000000000
   0.0042769100   -0.0039666600   -0.0010530800
  -0.0037642100   -0.0011784600   -0.0017004500
   0.0011813200    0.0000809900    0.0008369000
   0.0008639000   -0.0014977100   -0.0019651600
  -0.0015343900    0.0031037500   -0.0025773500
  -0.0299323300   -0.0259956400    0.0134482100
   0.0023394000    0.0075625100   -0.0046660200
  -0.0018447400   -0.0002852400    0.0004558100
   0.0000251000    0.0005911700    0.0039069500
   0.0022327900    0.0005207300    0.0005600000
  -0.0027644000    0.0066414800   -0.0041319500
   0.0160822600    0.0057134900   -0.0057493000
   0.1562869000    0.1625294000   -0.0769956300
  -0.1434485000   -0.1538198000    0.0796310800

13   
  0.0000000000000000   0.0000000000000000   0.0100000000000000
  -0.0003419900    0.0004434400   -0.0037519500
  -0.0020093300    0.0003065100   -0.0029185100
   0.0014866000   -0.0010122900    0.0007202300
   0.0007134200   -0.0009433900   -0.0007507200
   0.0010845200    0.0001483500   -0.0012034200
   0.0029633900    0.0046537500    0.0066233700
   0.0023176700    0.0074021800   -0.0041417900
  -0.0019672000    0.0002885400    0.0006540800
  -0.0000540200    0.0005750800    0.0039085600
   0.0022866400    0.0004267700    0.0005368200
  -0.0037812800    0.0063752800   -0.0049638000
   0.0159581000    0.0056323100   -0.0004736100
   0.0939131600    0.0717111700   -0.0496341700
  -0.1125696900   -0.0960077100    0.0553949000

13   
  0.0000000000000000   0.0000000000000000  -0.0100000000000000
   0.0015139200    0.0011250100    0.0003553300
  -0.0019100400   -0.0022307600    0.0003821000
   0.0002090900    0.0001595000    0.0007278800
   0.0009556500   -0.0007695500   -0.0017251500
  -0.0004002400    0.0011398400   -0.0021328700
  -0.0033089700   -0.0170051700   -0.0024691800
   0.0025159000    0.0074507700   -0.0054073700
  -0.0019392000    0.0001107400    0.0003173100
  -0.0001050600    0.0005217200    0.0037152400
   0.0022465600    0.0004507100    0.0005387500
  -0.0046557500    0.0070069700   -0.0045110600
  -0.0071023400   -0.0099167800   -0.0005436400
  -0.1018206500   -0.0779104400    0.0505792500
   0.1138011200    0.0898674300   -0.0398266000

14   
  0.0100000000000000   0.0000000000000000   0.0000000000000000
  -0.0057822300    0.0383584900   -0.0008339300
   0.0064155800   -0.0043797100   -0.0003797100
  -0.0049178900   -0.0017758900    0.0007524800
   0.0082263700    0.0053598000   -0.0020175700
   0.0057137600   -0.0451711200   -0.0027130400
   0.1111118600   -0.0240610100    0.0002680100
   0.0008153600    0.0083860000   -0.0055360600
  -0.0020428400    0.0016213800    0.0004692100
  -0.0005131000    0.0005122300    0.0037987800
   0.0025271300   -0.0010404700    0.0005254500
  -0.0057936100    0.0058210000   -0.0040458200
   0.3294031400   -0.0982418700    0.1256766300
   0.2805981000    0.1435970100   -0.1176377300
  -0.7257616300   -0.0289858300    0.0016733200

14   
 -0.0100000000000000   0.0000000000000000   0.0000000000000000
   0.0069986900   -0.0367877100   -0.0025251000
  -0.0103075300    0.0023746100   -0.0021378600
   0.0065963300    0.0009942300    0.0006952100
  -0.0065366000   -0.0071487300   -0.0004635700
  -0.0049403400    0.0462095200   -0.0006517400
  -0.1118600800    0.0131023500    0.0034225400
   0.0040208400    0.0064659400   -0.0040157600
  -0.0018626900   -0.0012118500    0.0005009600
   0.0003562700    0.0005880300    0.0038310600
   0.0020093700    0.0019277900    0.0005510600
  -0.0026199100    0.0075287800   -0.0054091600
  -0.3378062900    0.1034384200   -0.1362095600
  -0.2782575800   -0.1390728000    0.1088937400
   0.7342095200    0.0015914100    0.0335181700

14   
  0.0000000000000000   0.0100000000000000   0.0000000000000000
   0.0075860900    0.0422848800   -0.0007523800
  -0.0001022400   -0.0065253700   -0.0016397700
  -0.0005075600    0.0062384500    0.0004716500
   0.0018233200   -0.0054819700   -0.0018095500
  -0.0147251600    0.0306309500   -0.0009593600
  -0.0175879800    0.2639232400    0.0165127900
   0.0016438200    0.0053810600   -0.0045014700
  -0.0018697400    0.0007701900    0.0006111700
  -0.0001195800    0.0004610300    0.0039570900
   0.0021142400    0.0006639400    0.0006652900
  -0.0033438900    0.0046325200   -0.0042966000
  -0.1002557300    0.0931531800   -0.0674632900
   0.1437359200    0.1476083300   -0.0953590900
  -0.0183915200   -0.5837404400    0.1545635300

14   
  0.0000000000000000  -0.0100000000000000   0.0000000000000000
  -0.0069501300   -0.0417686200   -0.0026684500
  -0.0037544200    0.0047162600   -0.0008965300
   0.0022588300   -0.0072482600    0.0009923300
  -0.0002677700    0.0037933900   -0.0006996900
   0.0160276300   -0.0299894500   -0.0024541100
   0.0197020000   -0.2958307200   -0.0127767700
   0.0032167100    0.0095219400   -0.0050480600
  -0.0020552500   -0.0003579000    0.0003537600
  -0.0000394900    0.0006435100    0.0036669800
   0.0024318600    0.0002285400    0.0004066900
  -0.0051301500    0.0088078700   -0.0051581200
   0.1077500800   -0.0996326800    0.0653209200
  -0.1453796200   -0.1536638700    0.0905576600
   0.0121897100    0.6007799800   -0.1315966000

14   
  0.0000000000000000   0.0000000000000000   0.0100000000000000
   0.0040441000    0.0024823100   -0.0086761700
  -0.0026249800   -0.0028739400   -0.0056004800
   0.0006085500    0.0018474900    0.0020468700
   0.0018965400   -0.0025998800   -0.0055875900
  -0.0034019700    0.0015577900   -0.0086790300
   0.0026910800   -0.0319993600    0.0371079900
   0.0026699100    0.0077980300   -0.0022725200
  -0.0018755500    0.0000074300    0.0002677900
  -0.0000730200    0.0004891100    0.0043559900
   0.0022331500    0.0002340300    0.0003211700
  -0.0045401200    0.0069946000   -0.0022232000
   0.1033197700   -0.0508597800    0.0486459900
  -0.0898153000   -0.0719700000    0.0482499000
  -0.0151321600    0.1388921800   -0.1079567100

14   
  0.0000000000000000   0.0000000000000000  -0.0100000000000000
  -0.0027960500   -0.0007671400    0.0053665400
  -0.0013315700    0.0009122600    0.0030539200
   0.0010920500   -0.0026202800   -0.0006050000
  -0.0001833200    0.0008255200    0.0030726300
   0.0039797400   -0.0001318900    0.0053699900
  -0.0031020000    0.0205516000   -0.0329064400
   0.0021645100    0.0070549300   -0.0072792100
  -0.0020301200    0.0003894100    0.0007021500
  -0.0000849600    0.0006054600    0.0032708100
   0.0023002400    0.0006399400    0.0007554200
  -0.0038862300    0.0063793600   -0.0072327000
  -0.0950904400    0.0471087500   -0.0469172700
   0.0823409500    0.0662861900   -0.0469686800
   0.0166271700   -0.1472341100    0.1203178400
