v [cm$^{-1}$]    I(v) [$e^{2}$ amu$^{-1}$]    I_Norm(v) [AU]
   -48.000000                     0.000006          0.000011
   -47.000000                     0.000006          0.000011
   -46.000000                     0.000006          0.000011
   -45.000000                     0.000006          0.000011
   -44.000000                     0.000006          0.000011
   -43.000000                     0.000006          0.000011
   -42.000000                     0.000006          0.000011
   -41.000000                     0.000006          0.000011
   -40.000000                     0.000006          0.000011
   -39.000000                     0.000006          0.000011
   -38.000000                     0.000006          0.000011
   -37.000000                     0.000006          0.000011
   -36.000000                     0.000006          0.000011
   -35.000000                     0.000006          0.000011
   -34.000000                     0.000006          0.000011
   -33.000000                     0.000006          0.000011
   -32.000000                     0.000006          0.000011
   -31.000000                     0.000006          0.000011
   -30.000000                     0.000006          0.000011
   -29.000000                     0.000006          0.000012
   -28.000000                     0.000006          0.000012
   -27.000000                     0.000006          0.000012
   -26.000000                     0.000006          0.000012
   -25.000000                     0.000006          0.000012
   -24.000000                     0.000006          0.000012
   -23.000000                     0.000006          0.000012
   -22.000000                     0.000006          0.000012
   -21.000000                     0.000006          0.000012
   -20.000000                     0.000006          0.000012
   -19.000000                     0.000006          0.000012
   -18.000000                     0.000006          0.000012
   -17.000000                     0.000006          0.000012
   -16.000000                     0.000006          0.000012
   -15.000000                     0.000006          0.000012
   -14.000000                     0.000006          0.000012
   -13.000000                     0.000006          0.000012
   -12.000000                     0.000006          0.000012
   -11.000000                     0.000006          0.000012
   -10.000000                     0.000006          0.000012
    -9.000000                     0.000006          0.000012
    -8.000000                     0.000006          0.000012
    -7.000000                     0.000006          0.000012
    -6.000000                     0.000006          0.000012
    -5.000000                     0.000006          0.000012
    -4.000000                     0.000006          0.000012
    -3.000000                     0.000006          0.000013
    -2.000000                     0.000007          0.000013
    -1.000000                     0.000007          0.000013
     0.000000                     0.000007          0.000013
     1.000000                     0.000007          0.000013
     2.000000                     0.000007          0.000013
     3.000000                     0.000007          0.000013
     4.000000                     0.000007          0.000013
     5.000000                     0.000007          0.000013
     6.000000                     0.000007          0.000013
     7.000000                     0.000007          0.000013
     8.000000                     0.000007          0.000013
     9.000000                     0.000007          0.000013
    10.000000                     0.000007          0.000013
    11.000000                     0.000007          0.000013
    12.000000                     0.000007          0.000013
    13.000000                     0.000007          0.000013
    14.000000                     0.000007          0.000013
    15.000000                     0.000007          0.000013
    16.000000                     0.000007          0.000013
    17.000000                     0.000007          0.000013
    18.000000                     0.000007          0.000013
    19.000000                     0.000007          0.000013
    20.000000                     0.000007          0.000014
    21.000000                     0.000007          0.000014
    22.000000                     0.000007          0.000014
    23.000000                     0.000007          0.000014
    24.000000                     0.000007          0.000014
    25.000000                     0.000007          0.000014
    26.000000                     0.000007          0.000014
    27.000000                     0.000007          0.000014
    28.000000                     0.000007          0.000014
    29.000000                     0.000007          0.000014
    30.000000                     0.000007          0.000014
    31.000000                     0.000007          0.000014
    32.000000                     0.000007          0.000014
    33.000000                     0.000007          0.000014
    34.000000                     0.000007          0.000014
    35.000000                     0.000007          0.000014
    36.000000                     0.000007          0.000014
    37.000000                     0.000007          0.000014
    38.000000                     0.000007          0.000014
    39.000000                     0.000008          0.000014
    40.000000                     0.000008          0.000015
    41.000000                     0.000008          0.000015
    42.000000                     0.000008          0.000015
    43.000000                     0.000008          0.000015
    44.000000                     0.000008          0.000015
    45.000000                     0.000008          0.000015
    46.000000                     0.000008          0.000015
    47.000000                     0.000008          0.000015
    48.000000                     0.000008          0.000015
    49.000000                     0.000008          0.000015
    50.000000                     0.000008          0.000015
    51.000000                     0.000008          0.000015
    52.000000                     0.000008          0.000015
    53.000000                     0.000008          0.000015
    54.000000                     0.000008          0.000015
    55.000000                     0.000008          0.000015
    56.000000                     0.000008          0.000015
    57.000000                     0.000008          0.000016
    58.000000                     0.000008          0.000016
    59.000000                     0.000008          0.000016
    60.000000                     0.000008          0.000016
    61.000000                     0.000008          0.000016
    62.000000                     0.000008          0.000016
    63.000000                     0.000008          0.000016
    64.000000                     0.000008          0.000016
    65.000000                     0.000008          0.000016
    66.000000                     0.000008          0.000016
    67.000000                     0.000008          0.000016
    68.000000                     0.000008          0.000016
    69.000000                     0.000008          0.000016
    70.000000                     0.000008          0.000016
    71.000000                     0.000009          0.000016
    72.000000                     0.000009          0.000017
    73.000000                     0.000009          0.000017
    74.000000                     0.000009          0.000017
    75.000000                     0.000009          0.000017
    76.000000                     0.000009          0.000017
    77.000000                     0.000009          0.000017
    78.000000                     0.000009          0.000017
    79.000000                     0.000009          0.000017
    80.000000                     0.000009          0.000017
    81.000000                     0.000009          0.000017
    82.000000                     0.000009          0.000017
    83.000000                     0.000009          0.000017
    84.000000                     0.000009          0.000017
    85.000000                     0.000009          0.000017
    86.000000                     0.000009          0.000018
    87.000000                     0.000009          0.000018
    88.000000                     0.000009          0.000018
    89.000000                     0.000009          0.000018
    90.000000                     0.000009          0.000018
    91.000000                     0.000009          0.000018
    92.000000                     0.000009          0.000018
    93.000000                     0.000009          0.000018
    94.000000                     0.000009          0.000018
    95.000000                     0.000010          0.000018
    96.000000                     0.000010          0.000018
    97.000000                     0.000010          0.000019
    98.000000                     0.000010          0.000019
    99.000000                     0.000010          0.000019
   100.000000                     0.000010          0.000019
   101.000000                     0.000010          0.000019
   102.000000                     0.000010          0.000019
   103.000000                     0.000010          0.000019
   104.000000                     0.000010          0.000019
   105.000000                     0.000010          0.000019
   106.000000                     0.000010          0.000020
   107.000000                     0.000010          0.000020
   108.000000                     0.000010          0.000020
   109.000000                     0.000010          0.000020
   110.000000                     0.000011          0.000020
   111.000000                     0.000011          0.000020
   112.000000                     0.000011          0.000021
   113.000000                     0.000011          0.000021
   114.000000                     0.000011          0.000021
   115.000000                     0.000011          0.000021
   116.000000                     0.000011          0.000022
   117.000000                     0.000012          0.000022
   118.000000                     0.000012          0.000023
   119.000000                     0.000012          0.000024
   120.000000                     0.000013          0.000025
   121.000000                     0.000014          0.000026
   122.000000                     0.000015          0.000028
   123.000000                     0.000017          0.000032
   124.000000                     0.000020          0.000039
   125.000000                     0.000027          0.000053
   126.000000                     0.000044          0.000085
   127.000000                     0.000075          0.000145
   128.000000                     0.000068          0.000130
   129.000000                     0.000039          0.000074
   130.000000                     0.000025          0.000048
   131.000000                     0.000019          0.000037
   132.000000                     0.000017          0.000032
   133.000000                     0.000015          0.000029
   134.000000                     0.000014          0.000027
   135.000000                     0.000014          0.000026
   136.000000                     0.000013          0.000025
   137.000000                     0.000013          0.000025
   138.000000                     0.000013          0.000025
   139.000000                     0.000013          0.000024
   140.000000                     0.000013          0.000024
   141.000000                     0.000013          0.000024
   142.000000                     0.000013          0.000024
   143.000000                     0.000013          0.000024
   144.000000                     0.000013          0.000024
   145.000000                     0.000013          0.000024
   146.000000                     0.000013          0.000024
   147.000000                     0.000013          0.000024
   148.000000                     0.000013          0.000024
   149.000000                     0.000013          0.000025
   150.000000                     0.000013          0.000025
   151.000000                     0.000013          0.000025
   152.000000                     0.000013          0.000025
   153.000000                     0.000013          0.000025
   154.000000                     0.000013          0.000025
   155.000000                     0.000013          0.000025
   156.000000                     0.000013          0.000025
   157.000000                     0.000013          0.000026
   158.000000                     0.000013          0.000026
   159.000000                     0.000013          0.000026
   160.000000                     0.000014          0.000026
   161.000000                     0.000014          0.000026
   162.000000                     0.000014          0.000026
   163.000000                     0.000014          0.000027
   164.000000                     0.000014          0.000027
   165.000000                     0.000014          0.000027
   166.000000                     0.000014          0.000027
   167.000000                     0.000014          0.000027
   168.000000                     0.000014          0.000027
   169.000000                     0.000014          0.000028
   170.000000                     0.000014          0.000028
   171.000000                     0.000015          0.000028
   172.000000                     0.000015          0.000028
   173.000000                     0.000015          0.000028
   174.000000                     0.000015          0.000029
   175.000000                     0.000015          0.000029
   176.000000                     0.000015          0.000029
   177.000000                     0.000015          0.000029
   178.000000                     0.000015          0.000030
   179.000000                     0.000015          0.000030
   180.000000                     0.000016          0.000030
   181.000000                     0.000016          0.000030
   182.000000                     0.000016          0.000030
   183.000000                     0.000016          0.000031
   184.000000                     0.000016          0.000031
   185.000000                     0.000016          0.000031
   186.000000                     0.000016          0.000031
   187.000000                     0.000016          0.000032
   188.000000                     0.000017          0.000032
   189.000000                     0.000017          0.000032
   190.000000                     0.000017          0.000033
   191.000000                     0.000017          0.000033
   192.000000                     0.000017          0.000033
   193.000000                     0.000017          0.000034
   194.000000                     0.000018          0.000034
   195.000000                     0.000018          0.000034
   196.000000                     0.000018          0.000035
   197.000000                     0.000018          0.000035
   198.000000                     0.000018          0.000035
   199.000000                     0.000018          0.000036
   200.000000                     0.000019          0.000036
   201.000000                     0.000019          0.000036
   202.000000                     0.000019          0.000037
   203.000000                     0.000019          0.000037
   204.000000                     0.000020          0.000038
   205.000000                     0.000020          0.000038
   206.000000                     0.000020          0.000039
   207.000000                     0.000020          0.000039
   208.000000                     0.000021          0.000040
   209.000000                     0.000021          0.000040
   210.000000                     0.000021          0.000041
   211.000000                     0.000021          0.000041
   212.000000                     0.000022          0.000042
   213.000000                     0.000022          0.000042
   214.000000                     0.000022          0.000043
   215.000000                     0.000023          0.000044
   216.000000                     0.000023          0.000044
   217.000000                     0.000023          0.000045
   218.000000                     0.000024          0.000046
   219.000000                     0.000024          0.000047
   220.000000                     0.000025          0.000048
   221.000000                     0.000025          0.000049
   222.000000                     0.000026          0.000050
   223.000000                     0.000026          0.000051
   224.000000                     0.000027          0.000052
   225.000000                     0.000028          0.000053
   226.000000                     0.000028          0.000055
   227.000000                     0.000029          0.000056
   228.000000                     0.000030          0.000058
   229.000000                     0.000031          0.000059
   230.000000                     0.000032          0.000061
   231.000000                     0.000033          0.000063
   232.000000                     0.000034          0.000066
   233.000000                     0.000035          0.000068
   234.000000                     0.000037          0.000071
   235.000000                     0.000039          0.000075
   236.000000                     0.000041          0.000079
   237.000000                     0.000043          0.000083
   238.000000                     0.000046          0.000088
   239.000000                     0.000049          0.000094
   240.000000                     0.000053          0.000102
   241.000000                     0.000057          0.000110
   242.000000                     0.000063          0.000121
   243.000000                     0.000070          0.000134
   244.000000                     0.000078          0.000151
   245.000000                     0.000090          0.000173
   246.000000                     0.000105          0.000203
   247.000000                     0.000126          0.000243
   248.000000                     0.000156          0.000302
   249.000000                     0.000202          0.000390
   250.000000                     0.000276          0.000532
   251.000000                     0.000406          0.000783
   252.000000                     0.000667          0.001286
   253.000000                     0.001292          0.002492
   254.000000                     0.003175          0.006122
   255.000000                     0.006955          0.013413
   256.000000                     0.003729          0.007192
   257.000000                     0.001467          0.002829
   258.000000                     0.000733          0.001414
   259.000000                     0.000439          0.000846
   260.000000                     0.000295          0.000569
   261.000000                     0.000216          0.000416
   262.000000                     0.000167          0.000323
   263.000000                     0.000136          0.000262
   264.000000                     0.000114          0.000220
   265.000000                     0.000099          0.000191
   266.000000                     0.000088          0.000169
   267.000000                     0.000079          0.000153
   268.000000                     0.000073          0.000141
   269.000000                     0.000068          0.000131
   270.000000                     0.000064          0.000124
   271.000000                     0.000061          0.000118
   272.000000                     0.000059          0.000113
   273.000000                     0.000057          0.000109
   274.000000                     0.000055          0.000106
   275.000000                     0.000054          0.000104
   276.000000                     0.000053          0.000102
   277.000000                     0.000052          0.000101
   278.000000                     0.000052          0.000100
   279.000000                     0.000051          0.000099
   280.000000                     0.000051          0.000099
   281.000000                     0.000051          0.000099
   282.000000                     0.000051          0.000099
   283.000000                     0.000051          0.000099
   284.000000                     0.000052          0.000100
   285.000000                     0.000052          0.000100
   286.000000                     0.000052          0.000101
   287.000000                     0.000053          0.000102
   288.000000                     0.000054          0.000103
   289.000000                     0.000054          0.000105
   290.000000                     0.000055          0.000106
   291.000000                     0.000056          0.000108
   292.000000                     0.000057          0.000110
   293.000000                     0.000058          0.000112
   294.000000                     0.000059          0.000114
   295.000000                     0.000060          0.000116
   296.000000                     0.000061          0.000118
   297.000000                     0.000063          0.000121
   298.000000                     0.000064          0.000124
   299.000000                     0.000066          0.000127
   300.000000                     0.000067          0.000130
   301.000000                     0.000069          0.000134
   302.000000                     0.000071          0.000137
   303.000000                     0.000073          0.000141
   304.000000                     0.000076          0.000146
   305.000000                     0.000078          0.000150
   306.000000                     0.000080          0.000155
   307.000000                     0.000083          0.000161
   308.000000                     0.000086          0.000166
   309.000000                     0.000090          0.000173
   310.000000                     0.000093          0.000180
   311.000000                     0.000097          0.000187
   312.000000                     0.000101          0.000195
   313.000000                     0.000106          0.000204
   314.000000                     0.000111          0.000214
   315.000000                     0.000117          0.000225
   316.000000                     0.000123          0.000237
   317.000000                     0.000130          0.000250
   318.000000                     0.000137          0.000265
   319.000000                     0.000146          0.000282
   320.000000                     0.000156          0.000301
   321.000000                     0.000167          0.000322
   322.000000                     0.000180          0.000347
   323.000000                     0.000195          0.000375
   324.000000                     0.000212          0.000409
   325.000000                     0.000232          0.000448
   326.000000                     0.000256          0.000494
   327.000000                     0.000285          0.000550
   328.000000                     0.000320          0.000617
   329.000000                     0.000364          0.000701
   330.000000                     0.000419          0.000807
   331.000000                     0.000489          0.000944
   332.000000                     0.000583          0.001124
   333.000000                     0.000710          0.001369
   334.000000                     0.000889          0.001715
   335.000000                     0.001155          0.002227
   336.000000                     0.001572          0.003032
   337.000000                     0.002284          0.004405
   338.000000                     0.003646          0.007031
   339.000000                     0.006749          0.013016
   340.000000                     0.016144          0.031134
   341.000000                     0.057272          0.110448
   342.000000                     0.063367          0.122202
   343.000000                     0.017573          0.033890
   344.000000                     0.007167          0.013821
   345.000000                     0.003834          0.007393
   346.000000                     0.002402          0.004632
   347.000000                     0.001667          0.003214
   348.000000                     0.001244          0.002399
   349.000000                     0.000981          0.001892
   350.000000                     0.000809          0.001559
   351.000000                     0.000692          0.001334
   352.000000                     0.000611          0.001178
   353.000000                     0.000555          0.001070
   354.000000                     0.000517          0.000998
   355.000000                     0.000493          0.000952
   356.000000                     0.000481          0.000928
   357.000000                     0.000479          0.000924
   358.000000                     0.000486          0.000938
   359.000000                     0.000503          0.000971
   360.000000                     0.000531          0.001024
   361.000000                     0.000571          0.001102
   362.000000                     0.000627          0.001208
   363.000000                     0.000702          0.001354
   364.000000                     0.000804          0.001551
   365.000000                     0.000945          0.001823
   366.000000                     0.001143          0.002205
   367.000000                     0.001432          0.002761
   368.000000                     0.001871          0.003607
   369.000000                     0.002582          0.004980
   370.000000                     0.003841          0.007408
   371.000000                     0.006372          0.012288
   372.000000                     0.012561          0.024225
   373.000000                     0.033137          0.063905
   374.000000                     0.101981          0.196668
   375.000000                     0.052719          0.101667
   376.000000                     0.017405          0.033565
   377.000000                     0.008039          0.015504
   378.000000                     0.004582          0.008837
   379.000000                     0.002969          0.005725
   380.000000                     0.002094          0.004038
   381.000000                     0.001569          0.003026
   382.000000                     0.001231          0.002374
   383.000000                     0.001001          0.001930
   384.000000                     0.000838          0.001615
   385.000000                     0.000718          0.001385
   386.000000                     0.000629          0.001213
   387.000000                     0.000560          0.001081
   388.000000                     0.000507          0.000978
   389.000000                     0.000466          0.000898
   390.000000                     0.000433          0.000834
   391.000000                     0.000407          0.000784
   392.000000                     0.000386          0.000744
   393.000000                     0.000370          0.000713
   394.000000                     0.000358          0.000690
   395.000000                     0.000348          0.000672
   396.000000                     0.000342          0.000659
   397.000000                     0.000338          0.000652
   398.000000                     0.000336          0.000648
   399.000000                     0.000336          0.000649
   400.000000                     0.000339          0.000653
   401.000000                     0.000343          0.000661
   402.000000                     0.000349          0.000672
   403.000000                     0.000357          0.000688
   404.000000                     0.000366          0.000706
   405.000000                     0.000378          0.000729
   406.000000                     0.000392          0.000757
   407.000000                     0.000409          0.000788
   408.000000                     0.000428          0.000825
   409.000000                     0.000450          0.000868
   410.000000                     0.000476          0.000917
   411.000000                     0.000505          0.000974
   412.000000                     0.000539          0.001039
   413.000000                     0.000578          0.001114
   414.000000                     0.000623          0.001201
   415.000000                     0.000676          0.001303
   416.000000                     0.000737          0.001421
   417.000000                     0.000809          0.001561
   418.000000                     0.000895          0.001726
   419.000000                     0.000997          0.001924
   420.000000                     0.001121          0.002162
   421.000000                     0.001273          0.002454
   422.000000                     0.001460          0.002815
   423.000000                     0.001696          0.003270
   424.000000                     0.001998          0.003853
   425.000000                     0.002395          0.004618
   426.000000                     0.002928          0.005646
   427.000000                     0.003669          0.007075
   428.000000                     0.004740          0.009141
   429.000000                     0.006368          0.012280
   430.000000                     0.009011          0.017378
   431.000000                     0.013699          0.026418
   432.000000                     0.023105          0.044558
   433.000000                     0.045534          0.087812
   434.000000                     0.109358          0.210895
   435.000000                     0.204348          0.394083
   436.000000                     0.108327          0.208908
   437.000000                     0.045185          0.087139
   438.000000                     0.022981          0.044319
   439.000000                     0.013654          0.026331
   440.000000                     0.009001          0.017358
   441.000000                     0.006377          0.012298
   442.000000                     0.004762          0.009183
   443.000000                     0.003700          0.007136
   444.000000                     0.002968          0.005724
   445.000000                     0.002443          0.004710
   446.000000                     0.002054          0.003961
   447.000000                     0.001759          0.003393
   448.000000                     0.001532          0.002954
   449.000000                     0.001353          0.002608
   450.000000                     0.001210          0.002334
   451.000000                     0.001096          0.002114
   452.000000                     0.001004          0.001937
   453.000000                     0.000930          0.001794
   454.000000                     0.000870          0.001678
   455.000000                     0.000823          0.001587
   456.000000                     0.000786          0.001515
   457.000000                     0.000758          0.001462
   458.000000                     0.000738          0.001424
   459.000000                     0.000727          0.001401
   460.000000                     0.000722          0.001393
   461.000000                     0.000726          0.001400
   462.000000                     0.000737          0.001421
   463.000000                     0.000757          0.001459
   464.000000                     0.000786          0.001516
   465.000000                     0.000826          0.001593
   466.000000                     0.000879          0.001695
   467.000000                     0.000947          0.001827
   468.000000                     0.001035          0.001996
   469.000000                     0.001148          0.002215
   470.000000                     0.001295          0.002497
   471.000000                     0.001486          0.002865
   472.000000                     0.001740          0.003355
   473.000000                     0.002084          0.004018
   474.000000                     0.002563          0.004943
   475.000000                     0.003256          0.006279
   476.000000                     0.004302          0.008296
   477.000000                     0.005978          0.011528
   478.000000                     0.008878          0.017121
   479.000000                     0.014430          0.027829
   480.000000                     0.026430          0.050970
   481.000000                     0.053652          0.103467
   482.000000                     0.083839          0.161682
   483.000000                     0.056250          0.108478
   484.000000                     0.027669          0.053360
   485.000000                     0.014955          0.028840
   486.000000                     0.009114          0.017576
   487.000000                     0.006082          0.011729
   488.000000                     0.004337          0.008363
   489.000000                     0.003248          0.006264
   490.000000                     0.002526          0.004872
   491.000000                     0.002024          0.003904
   492.000000                     0.001661          0.003203
   493.000000                     0.001390          0.002681
   494.000000                     0.001182          0.002280
   495.000000                     0.001020          0.001967
   496.000000                     0.000890          0.001716
   497.000000                     0.000785          0.001514
   498.000000                     0.000698          0.001347
   499.000000                     0.000626          0.001208
   500.000000                     0.000566          0.001091
   501.000000                     0.000514          0.000992
   502.000000                     0.000470          0.000906
   503.000000                     0.000432          0.000832
   504.000000                     0.000398          0.000768
   505.000000                     0.000369          0.000712
   506.000000                     0.000343          0.000662
   507.000000                     0.000321          0.000618
   508.000000                     0.000300          0.000579
   509.000000                     0.000282          0.000544
   510.000000                     0.000266          0.000513
   511.000000                     0.000251          0.000484
   512.000000                     0.000238          0.000458
   513.000000                     0.000226          0.000435
   514.000000                     0.000214          0.000414
   515.000000                     0.000204          0.000394
   516.000000                     0.000195          0.000376
   517.000000                     0.000186          0.000360
   518.000000                     0.000179          0.000344
   519.000000                     0.000171          0.000330
   520.000000                     0.000164          0.000317
   521.000000                     0.000158          0.000305
   522.000000                     0.000152          0.000294
   523.000000                     0.000147          0.000283
   524.000000                     0.000142          0.000274
   525.000000                     0.000137          0.000265
   526.000000                     0.000133          0.000256
   527.000000                     0.000129          0.000248
   528.000000                     0.000125          0.000240
   529.000000                     0.000121          0.000233
   530.000000                     0.000118          0.000227
   531.000000                     0.000114          0.000220
   532.000000                     0.000111          0.000214
   533.000000                     0.000108          0.000209
   534.000000                     0.000106          0.000204
   535.000000                     0.000103          0.000199
   536.000000                     0.000100          0.000194
   537.000000                     0.000098          0.000189
   538.000000                     0.000096          0.000185
   539.000000                     0.000094          0.000181
   540.000000                     0.000092          0.000177
   541.000000                     0.000090          0.000173
   542.000000                     0.000088          0.000170
   543.000000                     0.000086          0.000167
   544.000000                     0.000085          0.000163
   545.000000                     0.000083          0.000160
   546.000000                     0.000082          0.000158
   547.000000                     0.000080          0.000155
   548.000000                     0.000079          0.000152
   549.000000                     0.000078          0.000150
   550.000000                     0.000076          0.000147
   551.000000                     0.000075          0.000145
   552.000000                     0.000074          0.000143
   553.000000                     0.000073          0.000141
   554.000000                     0.000072          0.000139
   555.000000                     0.000071          0.000137
   556.000000                     0.000070          0.000135
   557.000000                     0.000069          0.000133
   558.000000                     0.000068          0.000132
   559.000000                     0.000067          0.000130
   560.000000                     0.000067          0.000128
   561.000000                     0.000066          0.000127
   562.000000                     0.000065          0.000126
   563.000000                     0.000064          0.000124
   564.000000                     0.000064          0.000123
   565.000000                     0.000063          0.000122
   566.000000                     0.000062          0.000120
   567.000000                     0.000062          0.000119
   568.000000                     0.000061          0.000118
   569.000000                     0.000061          0.000117
   570.000000                     0.000060          0.000116
   571.000000                     0.000060          0.000115
   572.000000                     0.000059          0.000114
   573.000000                     0.000059          0.000114
   574.000000                     0.000058          0.000113
   575.000000                     0.000058          0.000112
   576.000000                     0.000058          0.000111
   577.000000                     0.000057          0.000111
   578.000000                     0.000057          0.000110
   579.000000                     0.000057          0.000109
   580.000000                     0.000056          0.000109
   581.000000                     0.000056          0.000108
   582.000000                     0.000056          0.000108
   583.000000                     0.000056          0.000107
   584.000000                     0.000055          0.000107
   585.000000                     0.000055          0.000106
   586.000000                     0.000055          0.000106
   587.000000                     0.000055          0.000105
   588.000000                     0.000055          0.000105
   589.000000                     0.000054          0.000105
   590.000000                     0.000054          0.000105
   591.000000                     0.000054          0.000104
   592.000000                     0.000054          0.000104
   593.000000                     0.000054          0.000104
   594.000000                     0.000054          0.000104
   595.000000                     0.000054          0.000104
   596.000000                     0.000054          0.000103
   597.000000                     0.000054          0.000103
   598.000000                     0.000054          0.000103
   599.000000                     0.000054          0.000103
   600.000000                     0.000054          0.000103
   601.000000                     0.000054          0.000103
   602.000000                     0.000054          0.000103
   603.000000                     0.000054          0.000103
   604.000000                     0.000054          0.000103
   605.000000                     0.000054          0.000104
   606.000000                     0.000054          0.000104
   607.000000                     0.000054          0.000104
   608.000000                     0.000054          0.000104
   609.000000                     0.000054          0.000104
   610.000000                     0.000054          0.000105
   611.000000                     0.000054          0.000105
   612.000000                     0.000055          0.000105
   613.000000                     0.000055          0.000106
   614.000000                     0.000055          0.000106
   615.000000                     0.000055          0.000107
   616.000000                     0.000056          0.000107
   617.000000                     0.000056          0.000108
   618.000000                     0.000056          0.000108
   619.000000                     0.000056          0.000109
   620.000000                     0.000057          0.000109
   621.000000                     0.000057          0.000110
   622.000000                     0.000057          0.000111
   623.000000                     0.000058          0.000111
   624.000000                     0.000058          0.000112
   625.000000                     0.000059          0.000113
   626.000000                     0.000059          0.000114
   627.000000                     0.000060          0.000115
   628.000000                     0.000060          0.000116
   629.000000                     0.000061          0.000117
   630.000000                     0.000061          0.000118
   631.000000                     0.000062          0.000119
   632.000000                     0.000062          0.000120
   633.000000                     0.000063          0.000122
   634.000000                     0.000064          0.000123
   635.000000                     0.000065          0.000124
   636.000000                     0.000065          0.000126
   637.000000                     0.000066          0.000128
   638.000000                     0.000067          0.000129
   639.000000                     0.000068          0.000131
   640.000000                     0.000069          0.000133
   641.000000                     0.000070          0.000135
   642.000000                     0.000071          0.000137
   643.000000                     0.000072          0.000139
   644.000000                     0.000073          0.000142
   645.000000                     0.000075          0.000144
   646.000000                     0.000076          0.000147
   647.000000                     0.000078          0.000150
   648.000000                     0.000079          0.000153
   649.000000                     0.000081          0.000156
   650.000000                     0.000083          0.000160
   651.000000                     0.000085          0.000163
   652.000000                     0.000087          0.000167
   653.000000                     0.000089          0.000172
   654.000000                     0.000091          0.000176
   655.000000                     0.000094          0.000181
   656.000000                     0.000097          0.000187
   657.000000                     0.000100          0.000192
   658.000000                     0.000103          0.000199
   659.000000                     0.000107          0.000206
   660.000000                     0.000110          0.000213
   661.000000                     0.000115          0.000221
   662.000000                     0.000119          0.000230
   663.000000                     0.000124          0.000240
   664.000000                     0.000130          0.000251
   665.000000                     0.000136          0.000263
   666.000000                     0.000143          0.000276
   667.000000                     0.000151          0.000291
   668.000000                     0.000160          0.000308
   669.000000                     0.000169          0.000327
   670.000000                     0.000181          0.000348
   671.000000                     0.000193          0.000373
   672.000000                     0.000208          0.000401
   673.000000                     0.000225          0.000433
   674.000000                     0.000244          0.000471
   675.000000                     0.000267          0.000515
   676.000000                     0.000294          0.000568
   677.000000                     0.000327          0.000631
   678.000000                     0.000367          0.000707
   679.000000                     0.000415          0.000801
   680.000000                     0.000476          0.000918
   681.000000                     0.000553          0.001067
   682.000000                     0.000653          0.001260
   683.000000                     0.000785          0.001514
   684.000000                     0.000964          0.001860
   685.000000                     0.001215          0.002343
   686.000000                     0.001577          0.003042
   687.000000                     0.002121          0.004090
   688.000000                     0.002964          0.005715
   689.000000                     0.004289          0.008272
   690.000000                     0.006254          0.012061
   691.000000                     0.008433          0.016262
   692.000000                     0.009114          0.017577
   693.000000                     0.007497          0.014458
   694.000000                     0.005284          0.010190
   695.000000                     0.003617          0.006975
   696.000000                     0.002539          0.004897
   697.000000                     0.001854          0.003575
   698.000000                     0.001406          0.002711
   699.000000                     0.001103          0.002127
   700.000000                     0.000890          0.001717
   701.000000                     0.000737          0.001421
   702.000000                     0.000623          0.001202
   703.000000                     0.000537          0.001035
   704.000000                     0.000470          0.000906
   705.000000                     0.000417          0.000804
   706.000000                     0.000375          0.000722
   707.000000                     0.000340          0.000656
   708.000000                     0.000312          0.000603
   709.000000                     0.000290          0.000558
   710.000000                     0.000270          0.000522
   711.000000                     0.000255          0.000491
   712.000000                     0.000241          0.000465
   713.000000                     0.000230          0.000444
   714.000000                     0.000221          0.000426
   715.000000                     0.000213          0.000411
   716.000000                     0.000207          0.000398
   717.000000                     0.000201          0.000388
   718.000000                     0.000197          0.000379
   719.000000                     0.000193          0.000373
   720.000000                     0.000191          0.000368
   721.000000                     0.000189          0.000364
   722.000000                     0.000187          0.000361
   723.000000                     0.000187          0.000360
   724.000000                     0.000186          0.000359
   725.000000                     0.000187          0.000360
   726.000000                     0.000188          0.000362
   727.000000                     0.000189          0.000365
   728.000000                     0.000191          0.000368
   729.000000                     0.000194          0.000373
   730.000000                     0.000196          0.000379
   731.000000                     0.000200          0.000386
   732.000000                     0.000204          0.000393
   733.000000                     0.000209          0.000402
   734.000000                     0.000214          0.000412
   735.000000                     0.000220          0.000423
   736.000000                     0.000226          0.000436
   737.000000                     0.000233          0.000450
   738.000000                     0.000241          0.000466
   739.000000                     0.000250          0.000483
   740.000000                     0.000260          0.000502
   741.000000                     0.000272          0.000524
   742.000000                     0.000284          0.000548
   743.000000                     0.000298          0.000574
   744.000000                     0.000313          0.000604
   745.000000                     0.000331          0.000637
   746.000000                     0.000350          0.000675
   747.000000                     0.000372          0.000717
   748.000000                     0.000397          0.000765
   749.000000                     0.000425          0.000820
   750.000000                     0.000458          0.000882
   751.000000                     0.000495          0.000955
   752.000000                     0.000538          0.001038
   753.000000                     0.000589          0.001137
   754.000000                     0.000650          0.001253
   755.000000                     0.000721          0.001391
   756.000000                     0.000808          0.001559
   757.000000                     0.000915          0.001765
   758.000000                     0.001048          0.002020
   759.000000                     0.001216          0.002345
   760.000000                     0.001434          0.002766
   761.000000                     0.001724          0.003324
   762.000000                     0.002121          0.004090
   763.000000                     0.002684          0.005177
   764.000000                     0.003521          0.006791
   765.000000                     0.004834          0.009323
   766.000000                     0.007033          0.013563
   767.000000                     0.010991          0.021197
   768.000000                     0.018462          0.035604
   769.000000                     0.030726          0.059254
   770.000000                     0.037510          0.072337
   771.000000                     0.027313          0.052673
   772.000000                     0.016161          0.031166
   773.000000                     0.009895          0.019082
   774.000000                     0.006592          0.012712
   775.000000                     0.004759          0.009177
   776.000000                     0.003683          0.007102
   777.000000                     0.003028          0.005839
   778.000000                     0.002629          0.005069
   779.000000                     0.002399          0.004627
   780.000000                     0.002297          0.004429
   781.000000                     0.002300          0.004436
   782.000000                     0.002408          0.004643
   783.000000                     0.002632          0.005076
   784.000000                     0.003007          0.005798
   785.000000                     0.003594          0.006932
   786.000000                     0.004514          0.008705
   787.000000                     0.005994          0.011559
   788.000000                     0.008499          0.016390
   789.000000                     0.013043          0.025154
   790.000000                     0.021876          0.042187
   791.000000                     0.038468          0.074185
   792.000000                     0.055051          0.106166
   793.000000                     0.044514          0.085845
   794.000000                     0.025744          0.049648
   795.000000                     0.014915          0.028764
   796.000000                     0.009374          0.018078
   797.000000                     0.006359          0.012263
   798.000000                     0.004582          0.008836
   799.000000                     0.003459          0.006670
   800.000000                     0.002708          0.005223
   801.000000                     0.002183          0.004209
   802.000000                     0.001801          0.003474
   803.000000                     0.001516          0.002923
   804.000000                     0.001296          0.002500
   805.000000                     0.001124          0.002168
   806.000000                     0.000986          0.001902
   807.000000                     0.000874          0.001686
   808.000000                     0.000782          0.001508
   809.000000                     0.000705          0.001360
   810.000000                     0.000640          0.001235
   811.000000                     0.000585          0.001129
   812.000000                     0.000538          0.001037
   813.000000                     0.000497          0.000958
   814.000000                     0.000461          0.000890
   815.000000                     0.000430          0.000829
   816.000000                     0.000402          0.000776
   817.000000                     0.000378          0.000729
   818.000000                     0.000356          0.000687
   819.000000                     0.000337          0.000650
   820.000000                     0.000319          0.000616
   821.000000                     0.000304          0.000586
   822.000000                     0.000290          0.000558
   823.000000                     0.000277          0.000534
   824.000000                     0.000265          0.000511
   825.000000                     0.000254          0.000490
   826.000000                     0.000245          0.000472
   827.000000                     0.000236          0.000454
   828.000000                     0.000227          0.000438
   829.000000                     0.000220          0.000424
   830.000000                     0.000213          0.000410
   831.000000                     0.000206          0.000398
   832.000000                     0.000200          0.000387
   833.000000                     0.000195          0.000376
   834.000000                     0.000190          0.000366
   835.000000                     0.000185          0.000357
   836.000000                     0.000181          0.000349
   837.000000                     0.000177          0.000341
   838.000000                     0.000173          0.000333
   839.000000                     0.000169          0.000327
   840.000000                     0.000166          0.000320
   841.000000                     0.000163          0.000314
   842.000000                     0.000160          0.000309
   843.000000                     0.000157          0.000304
   844.000000                     0.000155          0.000299
   845.000000                     0.000153          0.000294
   846.000000                     0.000150          0.000290
   847.000000                     0.000148          0.000286
   848.000000                     0.000147          0.000283
   849.000000                     0.000145          0.000279
   850.000000                     0.000143          0.000276
   851.000000                     0.000142          0.000273
   852.000000                     0.000140          0.000270
   853.000000                     0.000139          0.000268
   854.000000                     0.000138          0.000266
   855.000000                     0.000137          0.000263
   856.000000                     0.000136          0.000261
   857.000000                     0.000135          0.000259
   858.000000                     0.000134          0.000258
   859.000000                     0.000133          0.000256
   860.000000                     0.000132          0.000255
   861.000000                     0.000131          0.000254
   862.000000                     0.000131          0.000252
   863.000000                     0.000130          0.000251
   864.000000                     0.000130          0.000250
   865.000000                     0.000129          0.000250
   866.000000                     0.000129          0.000249
   867.000000                     0.000129          0.000248
   868.000000                     0.000128          0.000248
   869.000000                     0.000128          0.000247
   870.000000                     0.000128          0.000247
   871.000000                     0.000128          0.000247
   872.000000                     0.000128          0.000247
   873.000000                     0.000128          0.000247
   874.000000                     0.000128          0.000247
   875.000000                     0.000128          0.000247
   876.000000                     0.000128          0.000247
   877.000000                     0.000128          0.000247
   878.000000                     0.000128          0.000248
   879.000000                     0.000129          0.000248
   880.000000                     0.000129          0.000248
   881.000000                     0.000129          0.000249
   882.000000                     0.000129          0.000250
   883.000000                     0.000130          0.000250
   884.000000                     0.000130          0.000251
   885.000000                     0.000131          0.000252
   886.000000                     0.000131          0.000253
   887.000000                     0.000132          0.000254
   888.000000                     0.000132          0.000255
   889.000000                     0.000133          0.000256
   890.000000                     0.000133          0.000257
   891.000000                     0.000134          0.000258
   892.000000                     0.000134          0.000259
   893.000000                     0.000135          0.000261
   894.000000                     0.000136          0.000262
   895.000000                     0.000137          0.000264
   896.000000                     0.000137          0.000265
   897.000000                     0.000138          0.000267
   898.000000                     0.000139          0.000268
   899.000000                     0.000140          0.000270
   900.000000                     0.000141          0.000272
   901.000000                     0.000142          0.000274
   902.000000                     0.000143          0.000276
   903.000000                     0.000144          0.000277
   904.000000                     0.000145          0.000280
   905.000000                     0.000146          0.000282
   906.000000                     0.000147          0.000284
   907.000000                     0.000148          0.000286
   908.000000                     0.000149          0.000288
   909.000000                     0.000151          0.000291
   910.000000                     0.000152          0.000293
   911.000000                     0.000153          0.000296
   912.000000                     0.000155          0.000298
   913.000000                     0.000156          0.000301
   914.000000                     0.000157          0.000304
   915.000000                     0.000159          0.000306
   916.000000                     0.000160          0.000309
   917.000000                     0.000162          0.000312
   918.000000                     0.000163          0.000315
   919.000000                     0.000165          0.000318
   920.000000                     0.000167          0.000321
   921.000000                     0.000168          0.000325
   922.000000                     0.000170          0.000328
   923.000000                     0.000172          0.000331
   924.000000                     0.000174          0.000335
   925.000000                     0.000176          0.000339
   926.000000                     0.000178          0.000342
   927.000000                     0.000179          0.000346
   928.000000                     0.000181          0.000350
   929.000000                     0.000184          0.000354
   930.000000                     0.000186          0.000358
   931.000000                     0.000188          0.000362
   932.000000                     0.000190          0.000367
   933.000000                     0.000192          0.000371
   934.000000                     0.000195          0.000375
   935.000000                     0.000197          0.000380
   936.000000                     0.000200          0.000385
   937.000000                     0.000202          0.000390
   938.000000                     0.000205          0.000395
   939.000000                     0.000207          0.000400
   940.000000                     0.000210          0.000405
   941.000000                     0.000213          0.000410
   942.000000                     0.000216          0.000416
   943.000000                     0.000219          0.000422
   944.000000                     0.000222          0.000427
   945.000000                     0.000225          0.000433
   946.000000                     0.000228          0.000439
   947.000000                     0.000231          0.000446
   948.000000                     0.000234          0.000452
   949.000000                     0.000238          0.000459
   950.000000                     0.000241          0.000465
   951.000000                     0.000245          0.000472
   952.000000                     0.000249          0.000479
   953.000000                     0.000252          0.000487
   954.000000                     0.000256          0.000494
   955.000000                     0.000260          0.000502
   956.000000                     0.000264          0.000510
   957.000000                     0.000268          0.000518
   958.000000                     0.000273          0.000526
   959.000000                     0.000277          0.000535
   960.000000                     0.000282          0.000543
   961.000000                     0.000287          0.000553
   962.000000                     0.000291          0.000562
   963.000000                     0.000296          0.000571
   964.000000                     0.000301          0.000581
   965.000000                     0.000307          0.000591
   966.000000                     0.000312          0.000602
   967.000000                     0.000318          0.000612
   968.000000                     0.000323          0.000623
   969.000000                     0.000329          0.000635
   970.000000                     0.000335          0.000646
   971.000000                     0.000341          0.000659
   972.000000                     0.000348          0.000671
   973.000000                     0.000355          0.000684
   974.000000                     0.000361          0.000697
   975.000000                     0.000368          0.000710
   976.000000                     0.000376          0.000725
   977.000000                     0.000383          0.000739
   978.000000                     0.000391          0.000754
   979.000000                     0.000399          0.000769
   980.000000                     0.000407          0.000785
   981.000000                     0.000416          0.000802
   982.000000                     0.000425          0.000819
   983.000000                     0.000434          0.000836
   984.000000                     0.000443          0.000855
   985.000000                     0.000453          0.000873
   986.000000                     0.000463          0.000893
   987.000000                     0.000473          0.000913
   988.000000                     0.000484          0.000934
   989.000000                     0.000495          0.000956
   990.000000                     0.000507          0.000978
   991.000000                     0.000519          0.001001
   992.000000                     0.000532          0.001025
   993.000000                     0.000545          0.001050
   994.000000                     0.000558          0.001076
   995.000000                     0.000572          0.001103
   996.000000                     0.000587          0.001131
   997.000000                     0.000602          0.001161
   998.000000                     0.000618          0.001191
   999.000000                     0.000634          0.001223
  1000.000000                     0.000651          0.001256
  1001.000000                     0.000669          0.001290
  1002.000000                     0.000687          0.001326
  1003.000000                     0.000707          0.001363
  1004.000000                     0.000727          0.001402
  1005.000000                     0.000748          0.001443
  1006.000000                     0.000770          0.001485
  1007.000000                     0.000793          0.001530
  1008.000000                     0.000817          0.001577
  1009.000000                     0.000843          0.001625
  1010.000000                     0.000869          0.001676
  1011.000000                     0.000897          0.001730
  1012.000000                     0.000926          0.001786
  1013.000000                     0.000957          0.001846
  1014.000000                     0.000989          0.001908
  1015.000000                     0.001023          0.001973
  1016.000000                     0.001059          0.002042
  1017.000000                     0.001097          0.002115
  1018.000000                     0.001137          0.002192
  1019.000000                     0.001179          0.002273
  1020.000000                     0.001223          0.002359
  1021.000000                     0.001270          0.002449
  1022.000000                     0.001320          0.002546
  1023.000000                     0.001373          0.002648
  1024.000000                     0.001429          0.002756
  1025.000000                     0.001489          0.002871
  1026.000000                     0.001553          0.002994
  1027.000000                     0.001620          0.003125
  1028.000000                     0.001693          0.003265
  1029.000000                     0.001771          0.003414
  1030.000000                     0.001854          0.003575
  1031.000000                     0.001943          0.003747
  1032.000000                     0.002039          0.003932
  1033.000000                     0.002142          0.004131
  1034.000000                     0.002253          0.004346
  1035.000000                     0.002374          0.004578
  1036.000000                     0.002504          0.004830
  1037.000000                     0.002646          0.005103
  1038.000000                     0.002801          0.005401
  1039.000000                     0.002969          0.005726
  1040.000000                     0.003154          0.006082
  1041.000000                     0.003356          0.006472
  1042.000000                     0.003579          0.006902
  1043.000000                     0.003825          0.007377
  1044.000000                     0.004098          0.007903
  1045.000000                     0.004402          0.008489
  1046.000000                     0.004741          0.009143
  1047.000000                     0.005122          0.009878
  1048.000000                     0.005552          0.010706
  1049.000000                     0.006039          0.011646
  1050.000000                     0.006594          0.012717
  1051.000000                     0.007232          0.013946
  1052.000000                     0.007968          0.015366
  1053.000000                     0.008825          0.017019
  1054.000000                     0.009832          0.018961
  1055.000000                     0.011025          0.021262
  1056.000000                     0.012455          0.024019
  1057.000000                     0.014188          0.027362
  1058.000000                     0.016319          0.031471
  1059.000000                     0.018981          0.036604
  1060.000000                     0.022366          0.043132
  1061.000000                     0.026764          0.051615
  1062.000000                     0.032625          0.062916
  1063.000000                     0.040669          0.078430
  1064.000000                     0.052114          0.100502
  1065.000000                     0.069111          0.133280
  1066.000000                     0.095666          0.184491
  1067.000000                     0.139553          0.269127
  1068.000000                     0.215601          0.415784
  1069.000000                     0.344348          0.664070
  1070.000000                     0.501267          0.966686
  1071.000000                     0.518542          1.000000
  1072.000000                     0.372889          0.719111
  1073.000000                     0.241466          0.465665
  1074.000000                     0.165925          0.319984
  1075.000000                     0.127843          0.246543
  1076.000000                     0.113203          0.218311
  1077.000000                     0.117321          0.226252
  1078.000000                     0.143129          0.276023
  1079.000000                     0.198909          0.383594
  1080.000000                     0.274772          0.529894
  1081.000000                     0.288021          0.555444
  1082.000000                     0.211333          0.407553
  1083.000000                     0.135950          0.262177
  1084.000000                     0.089406          0.172419
  1085.000000                     0.062271          0.120089
  1086.000000                     0.045775          0.088276
  1087.000000                     0.035151          0.067788
  1088.000000                     0.027936          0.053875
  1089.000000                     0.022812          0.043993
  1090.000000                     0.019035          0.036708
  1091.000000                     0.016164          0.031171
  1092.000000                     0.013925          0.026854
  1093.000000                     0.012142          0.023416
  1094.000000                     0.010696          0.020628
  1095.000000                     0.009505          0.018331
  1096.000000                     0.008512          0.016414
  1097.000000                     0.007672          0.014796
  1098.000000                     0.006957          0.013416
  1099.000000                     0.006341          0.012228
  1100.000000                     0.005806          0.011198
  1101.000000                     0.005340          0.010297
  1102.000000                     0.004929          0.009506
  1103.000000                     0.004567          0.008807
  1104.000000                     0.004244          0.008185
  1105.000000                     0.003956          0.007629
  1106.000000                     0.003698          0.007132
  1107.000000                     0.003466          0.006683
  1108.000000                     0.003256          0.006278
  1109.000000                     0.003065          0.005911
  1110.000000                     0.002892          0.005578
  1111.000000                     0.002735          0.005274
  1112.000000                     0.002591          0.004996
  1113.000000                     0.002459          0.004742
  1114.000000                     0.002338          0.004508
  1115.000000                     0.002227          0.004294
  1116.000000                     0.002124          0.004097
  1117.000000                     0.002030          0.003916
  1118.000000                     0.001944          0.003748
  1119.000000                     0.001864          0.003594
  1120.000000                     0.001790          0.003453
  1121.000000                     0.001723          0.003322
  1122.000000                     0.001660          0.003202
  1123.000000                     0.001603          0.003092
  1124.000000                     0.001551          0.002992
  1125.000000                     0.001504          0.002901
  1126.000000                     0.001462          0.002819
  1127.000000                     0.001424          0.002746
  1128.000000                     0.001391          0.002682
  1129.000000                     0.001363          0.002628
  1130.000000                     0.001340          0.002584
  1131.000000                     0.001322          0.002550
  1132.000000                     0.001311          0.002528
  1133.000000                     0.001307          0.002521
  1134.000000                     0.001311          0.002529
  1135.000000                     0.001325          0.002556
  1136.000000                     0.001352          0.002607
  1137.000000                     0.001394          0.002688
  1138.000000                     0.001457          0.002810
  1139.000000                     0.001547          0.002984
  1140.000000                     0.001676          0.003233
  1141.000000                     0.001860          0.003588
  1142.000000                     0.002125          0.004099
  1143.000000                     0.002513          0.004847
  1144.000000                     0.003092          0.005963
  1145.000000                     0.003966          0.007648
  1146.000000                     0.005264          0.010152
  1147.000000                     0.007009          0.013516
  1148.000000                     0.008681          0.016742
  1149.000000                     0.009048          0.017449
  1150.000000                     0.007725          0.014898
  1151.000000                     0.005863          0.011306
  1152.000000                     0.004331          0.008352
  1153.000000                     0.003262          0.006291
  1154.000000                     0.002541          0.004901
  1155.000000                     0.002049          0.003951
  1156.000000                     0.001703          0.003285
  1157.000000                     0.001453          0.002803
  1158.000000                     0.001267          0.002443
  1159.000000                     0.001124          0.002167
  1160.000000                     0.001012          0.001951
  1161.000000                     0.000922          0.001778
  1162.000000                     0.000848          0.001636
  1163.000000                     0.000787          0.001518
  1164.000000                     0.000736          0.001419
  1165.000000                     0.000691          0.001333
  1166.000000                     0.000653          0.001260
  1167.000000                     0.000620          0.001195
  1168.000000                     0.000590          0.001138
  1169.000000                     0.000564          0.001087
  1170.000000                     0.000540          0.001042
  1171.000000                     0.000519          0.001000
  1172.000000                     0.000499          0.000963
  1173.000000                     0.000481          0.000928
  1174.000000                     0.000465          0.000896
  1175.000000                     0.000450          0.000867
  1176.000000                     0.000435          0.000840
  1177.000000                     0.000422          0.000814
  1178.000000                     0.000410          0.000791
  1179.000000                     0.000398          0.000768
  1180.000000                     0.000387          0.000747
  1181.000000                     0.000377          0.000727
  1182.000000                     0.000367          0.000709
  1183.000000                     0.000358          0.000691
  1184.000000                     0.000349          0.000674
  1185.000000                     0.000341          0.000658
  1186.000000                     0.000333          0.000642
  1187.000000                     0.000326          0.000628
  1188.000000                     0.000318          0.000614
  1189.000000                     0.000311          0.000600
  1190.000000                     0.000305          0.000587
  1191.000000                     0.000298          0.000575
  1192.000000                     0.000292          0.000563
  1193.000000                     0.000286          0.000552
  1194.000000                     0.000280          0.000541
  1195.000000                     0.000275          0.000530
  1196.000000                     0.000269          0.000520
  1197.000000                     0.000264          0.000510
