16   
62   

1    
  0.0075531961372871   0.0000000000000000   0.0065535660606781
  -0.4917086200    0.0198004700   -0.0750876300
   0.0859440900   -0.0166515600    0.0352061500
   0.1994288600    0.0759858200    0.0403436900
   0.0284226700   -0.0095837800   -0.0051184400
   0.0121014600    0.0195230500    0.0024040700
  -0.0191099200   -0.0185044500   -0.0054092700
  -0.0006058000   -0.0075595200   -0.0018370300
   0.1795162400   -0.0869012100    0.0213893100
   0.0010651400    0.0193679200   -0.0019540100
  -0.0011390800    0.0031479900   -0.0032546900
   0.0060373500   -0.0011916600   -0.0038041600
  -0.0006080800    0.0066556500    0.0007337400
   0.0071002200   -0.0030656400   -0.0001680000
   0.0000573200   -0.0071232900   -0.0010612500
  -0.0004942500   -0.0078045300    0.0013302000
  -0.0060076000    0.0139047600   -0.0037126800

1    
 -0.0075531961372871   0.0000000000000000  -0.0065535660606781
   0.4860723000   -0.0295005300    0.0743464400
  -0.0842888700    0.0171866500   -0.0351195600
  -0.1960425700   -0.0690557700   -0.0418236600
  -0.0370894000    0.0163541300    0.0048527500
  -0.0100382900   -0.0121980600   -0.0023978800
   0.0200624200    0.0206137900    0.0051885700
   0.0021931300   -0.0006610600    0.0018337400
  -0.1870001800    0.0898757800   -0.0188908600
   0.0043426200   -0.0210611000    0.0021767100
  -0.0056969900    0.0074488500    0.0032724700
   0.0000232000    0.0033191100    0.0037496400
  -0.0000671300    0.0056749500   -0.0007193400
   0.0077108400   -0.0025865700    0.0001687300
  -0.0014262300   -0.0087210600   -0.0012214000
  -0.0008712800   -0.0080378700    0.0009561200
   0.0021164300   -0.0086512300    0.0036275300

1    
  0.0000000000000000   0.0100000000000000   0.0000000000000000
   0.0308053100   -0.6616930800    0.0000000000
   0.0286346700    0.3224790800    0.0000000000
   0.0413290300    0.1344005300    0.0000000000
   0.0071853000   -0.0437491500    0.0000000000
   0.0255892700    0.0401105400    0.0000000000
  -0.0594695900    0.0305595500    0.0000000000
  -0.0027070200   -0.0019104200    0.0000000000
  -0.1188289800    0.1214866900    0.0000000000
   0.0007170100    0.0097656300    0.0000000000
  -0.0073864200    0.0065202100    0.0000000000
   0.0009699800    0.0004809800    0.0000000000
   0.0005215400    0.0068195600    0.0000000000
   0.0089807200   -0.0019654500    0.0000000000
   0.0004480500   -0.0068787000   -0.0016557200
   0.0004480500   -0.0068787000    0.0016557200
   0.0427630700    0.0504527300    0.0000000000

1    
  0.0000000000000000  -0.0100000000000000   0.0000000000000000
  -0.0344825500    0.6846945200    0.0000000000
  -0.0274619800   -0.3463410100    0.0000000000
  -0.0404840500   -0.1318542300    0.0000000000
  -0.0167118900    0.0509136300    0.0000000000
  -0.0238774800   -0.0331965300    0.0000000000
   0.0614723400   -0.0289471000    0.0000000000
   0.0042308600   -0.0062593300    0.0000000000
   0.1121216700   -0.1228745500    0.0000000000
   0.0046216600   -0.0116658500    0.0000000000
   0.0004957300    0.0041040800    0.0000000000
   0.0051000900    0.0016389200    0.0000000000
  -0.0012159500    0.0054915200    0.0000000000
   0.0058365100   -0.0036781100    0.0000000000
  -0.0018045100   -0.0089819300   -0.0006412800
  -0.0018045100   -0.0089819300    0.0006412800
  -0.0460359400   -0.0440620800    0.0000000000

2    
  0.0075531961372871   0.0000000000000000   0.0065535660606781
   0.0830603100    0.0210179000    0.0351561700
  -0.4985945200   -0.0156946300   -0.0818217200
  -0.0247883800    0.0212113700   -0.0016268700
   0.0046521300   -0.0151917800    0.0025713800
   0.0432904500    0.0165342200   -0.0051320800
   0.1969296200   -0.0869277300    0.0371386800
   0.0011501300   -0.0027838500   -0.0011027600
  -0.0041995800   -0.0201586800   -0.0013077300
   0.1893460500    0.0790634100    0.0233462100
  -0.0035974800    0.0047282600    0.0006199700
   0.0001901900    0.0034180300   -0.0010771100
   0.0022548400    0.0083377600   -0.0042065100
   0.0078029000   -0.0026009500   -0.0000089700
  -0.0004899600   -0.0074391900   -0.0010814600
  -0.0008369300   -0.0077733000    0.0011173100
   0.0038302300    0.0042591500   -0.0025845000

2    
 -0.0075531961372871   0.0000000000000000  -0.0065535660606781
  -0.0871720600   -0.0213439400   -0.0351695400
   0.4998045600    0.0257633400    0.0810980300
   0.0215956900   -0.0191178900    0.0014292800
  -0.0138194200    0.0220477600   -0.0025837400
  -0.0407999500   -0.0092858700    0.0048532200
  -0.1894012400    0.0841253700   -0.0386092800
   0.0003507500   -0.0054797600    0.0010919100
   0.0019988400    0.0184875900    0.0015561000
  -0.1901770200   -0.0852646900   -0.0208542900
  -0.0033077500    0.0058626200   -0.0006112000
   0.0059232500   -0.0012931200    0.0010441500
  -0.0028693100    0.0039812900    0.0042278500
   0.0070084100   -0.0030527200    0.0000100400
  -0.0008741500   -0.0084095600   -0.0012080200
  -0.0005299100   -0.0080783300    0.0011731100
  -0.0077306900    0.0010579000    0.0025523900

2    
  0.0000000000000000   0.0100000000000000   0.0000000000000000
  -0.0243945800    0.3466216700    0.0000000000
  -0.0273549500   -0.6544954300    0.0000000000
   0.0648799900    0.0285386500    0.0000000000
  -0.0234374700    0.0425162400    0.0000000000
  -0.0198652000   -0.0463631000    0.0000000000
  -0.0586377400    0.1641779300    0.0000000000
   0.0006335100   -0.0032539700    0.0000000000
   0.0013283200    0.0095317800    0.0000000000
   0.1102201500    0.1113433800    0.0000000000
  -0.0044669600    0.0061487600    0.0000000000
  -0.0226903200    0.0119971900    0.0000000000
   0.0035440600    0.0067055900    0.0000000000
   0.0072217100   -0.0028082500    0.0000000000
  -0.0011363200   -0.0087406400   -0.0009667300
  -0.0011363200   -0.0087406400    0.0009667300
  -0.0047078600   -0.0031791700    0.0000000000

2    
  0.0000000000000000  -0.0100000000000000   0.0000000000000000
   0.0204024300   -0.3222000500    0.0000000000
   0.0275438100    0.6309049700    0.0000000000
  -0.0671745500   -0.0260251900    0.0000000000
   0.0139852000   -0.0353772300    0.0000000000
   0.0215971300    0.0533356800    0.0000000000
   0.0642678200   -0.1632805600    0.0000000000
   0.0008695700   -0.0050043900    0.0000000000
  -0.0035886700   -0.0109240600    0.0000000000
  -0.1082551200   -0.1126558100    0.0000000000
  -0.0024483400    0.0044524700    0.0000000000
   0.0291057000   -0.0102199900    0.0000000000
  -0.0042032400    0.0055971000    0.0000000000
   0.0075854200   -0.0028471800    0.0000000000
  -0.0002333200   -0.0071173800   -0.0013195400
  -0.0002333200   -0.0071173800    0.0013195400
   0.0007795100    0.0084789900    0.0000000000

3    
  0.0075531961372871   0.0000000000000000   0.0065535660606781
   0.1923993700    0.0295529100    0.0418732900
  -0.0224065700    0.0491076300   -0.0015219600
  -0.4962271900    0.0030791500   -0.0948761800
   0.1944260000   -0.0289576000    0.0384807800
  -0.0227077900   -0.0475834500   -0.0012812200
   0.0454397500    0.0016623500    0.0036873400
   0.0012007100    0.0233713500    0.0032945700
   0.0124627700    0.0083999800   -0.0028012300
   0.0013454200   -0.0020284300   -0.0048777700
   0.0095821300   -0.0037840700   -0.0020467700
   0.0043056100    0.0010395300    0.0002024800
  -0.0017125100    0.0075668100   -0.0042997300
   0.0107750000   -0.0008192400   -0.0002882000
  -0.0009465500   -0.0083964600   -0.0018218200
  -0.0005271500   -0.0059754300    0.0007880900
   0.0725909900   -0.0262350300    0.0254883400

3    
 -0.0075531961372871   0.0000000000000000  -0.0065535660606781
  -0.2030765500   -0.0322914200   -0.0402956100
   0.0239736500   -0.0506317700    0.0015365400
   0.4932670000    0.0089561600    0.0946965700
  -0.1971556800    0.0312251400   -0.0400142000
   0.0248085100    0.0545940100    0.0012558200
  -0.0442541000    0.0007182600   -0.0036875800
   0.0002106500   -0.0314909900   -0.0036814600
  -0.0150016800   -0.0102298500    0.0030694500
   0.0040876100    0.0004493600    0.0047913400
  -0.0160909100    0.0143207300    0.0017668700
   0.0017458300    0.0011207200   -0.0002050500
   0.0010480400    0.0047185700    0.0043934800
   0.0040896100   -0.0047629900    0.0002722700
  -0.0003575600   -0.0074127400   -0.0004777400
  -0.0008479600   -0.0098651100    0.0015122600
  -0.0764464800    0.0305819200   -0.0249329700

3    
  0.0000000000000000   0.0100000000000000   0.0000000000000000
   0.0920566400    0.1337178400    0.0000000000
   0.0274408300    0.0264010000    0.0000000000
  -0.0051745800   -0.6099212500    0.0000000000
  -0.0965161000    0.1510531300    0.0000000000
  -0.0273858200    0.0301173400    0.0000000000
   0.0016318500   -0.0039839700    0.0000000000
   0.0150466800    0.0369495800    0.0000000000
  -0.0179998200   -0.0098498100    0.0000000000
   0.0018388900    0.0032699400    0.0000000000
   0.0117542400   -0.0056721200    0.0000000000
   0.0030209600    0.0003718400    0.0000000000
   0.0005580900    0.0105899900    0.0000000000
   0.0090844800   -0.0043984300    0.0000000000
  -0.0069484400   -0.0123256600    0.0008244100
  -0.0069484400   -0.0123256600   -0.0008244100
  -0.0014594700    0.2660062400    0.0000000000

3    
  0.0000000000000000  -0.0100000000000000   0.0000000000000000
  -0.0998895400   -0.1325394700    0.0000000000
  -0.0259525000   -0.0281639600    0.0000000000
   0.0025735400    0.5924148000    0.0000000000
   0.0915163900   -0.1447460700    0.0000000000
   0.0293975900   -0.0235757100    0.0000000000
  -0.0003392600    0.0058536600    0.0000000000
  -0.0133116500   -0.0440934500    0.0000000000
   0.0158272000    0.0080904600    0.0000000000
   0.0035527100   -0.0048496700    0.0000000000
  -0.0186181700    0.0163079500    0.0000000000
   0.0030357500    0.0018110400    0.0000000000
  -0.0011795200    0.0017082400    0.0000000000
   0.0057877400   -0.0011700100    0.0000000000
   0.0054947000   -0.0036267100   -0.0031416500
   0.0054947000   -0.0036267100    0.0031416500
  -0.0033896800   -0.2397943900    0.0000000000

4    
  0.0075531961372871   0.0000000000000000   0.0065535660606781
   0.0304648200    0.0097819900   -0.0048489400
   0.0099974400   -0.0146891100    0.0025749900
   0.1912293900   -0.0675236800    0.0399612700
  -0.5011416000   -0.0263186300   -0.0716367000
   0.0831728200    0.0271042000    0.0351779500
  -0.0156917500    0.0209623100   -0.0051438600
  -0.0013185300   -0.0038688800    0.0009274400
   0.0014173600    0.0009849100   -0.0030378700
   0.0023972100   -0.0011907800    0.0006589000
   0.1949304300    0.0891541300    0.0169912100
   0.0060182900    0.0031511100   -0.0040300900
  -0.0024876200   -0.0133547500   -0.0021253900
   0.0083314200   -0.0026994000   -0.0002354900
  -0.0010637500   -0.0086632700   -0.0018729400
  -0.0013985700   -0.0085271500    0.0019820500
  -0.0048573500   -0.0043029800   -0.0053425400

4    
 -0.0075531961372871   0.0000000000000000  -0.0065535660606781
  -0.0350432900   -0.0082705800    0.0051221200
  -0.0084690300    0.0135777800   -0.0025801600
  -0.2003510100    0.0745570600   -0.0385321600
   0.4921374800    0.0220551800    0.0724834200
  -0.0810829700   -0.0182713700   -0.0351907500
   0.0172185800   -0.0188575700    0.0053643500
   0.0028532700   -0.0044188400   -0.0009712900
  -0.0036532700   -0.0027888900    0.0030188300
   0.0030458300   -0.0003451300   -0.0006740100
  -0.1954721500   -0.0738633300   -0.0196171300
   0.0000278500   -0.0010238500    0.0040800200
   0.0018360500    0.0255504200    0.0019094000
   0.0064484200   -0.0029593500    0.0002407900
  -0.0003120400   -0.0071923200   -0.0003845300
   0.0000227300   -0.0073504900    0.0002938000
   0.0007935500    0.0096012700    0.0054372900

4    
  0.0000000000000000   0.0100000000000000   0.0000000000000000
  -0.0190244700   -0.0463746300    0.0000000000
  -0.0237082600    0.0381807200    0.0000000000
  -0.0433998500    0.1493610400    0.0000000000
  -0.0355825500   -0.6206781900    0.0000000000
  -0.0204466200    0.3054420500    0.0000000000
   0.0628943000    0.0284105600    0.0000000000
  -0.0083441200   -0.0059721000    0.0000000000
   0.0026338800    0.0000836700    0.0000000000
   0.0019815500    0.0000295200    0.0000000000
   0.1057216100    0.1121814400    0.0000000000
   0.0049472000    0.0003259500    0.0000000000
   0.0022379800    0.0175878100    0.0000000000
   0.0069679400   -0.0030254500    0.0000000000
  -0.0000047100   -0.0083283800   -0.0014383600
  -0.0000047100   -0.0083283800    0.0014383600
  -0.0368691600    0.0411043700    0.0000000000

4    
  0.0000000000000000  -0.0100000000000000   0.0000000000000000
   0.0153138400    0.0482887600    0.0000000000
   0.0255994500   -0.0397115500    0.0000000000
   0.0362100100   -0.1464366800    0.0000000000
   0.0284949600    0.6484045500    0.0000000000
   0.0220499100   -0.3197582600    0.0000000000
  -0.0624517600   -0.0267545100    0.0000000000
   0.0097260900   -0.0021916900    0.0000000000
  -0.0048221600   -0.0018726000    0.0000000000
   0.0034799700   -0.0015880700    0.0000000000
  -0.1092995600   -0.1020839700    0.0000000000
   0.0010903400    0.0018011500    0.0000000000
  -0.0028133700   -0.0056307700    0.0000000000
   0.0078245400   -0.0026299100    0.0000000000
  -0.0013458600   -0.0075132600   -0.0008535400
  -0.0013458600   -0.0075132600    0.0008535400
   0.0322894600   -0.0348099200    0.0000000000

5    
  0.0075531961372871   0.0000000000000000   0.0065535660606781
   0.0090330900    0.0194741500    0.0024085200
   0.0425922300   -0.0162361100   -0.0048510700
  -0.0251112900   -0.0204100100   -0.0011822000
   0.0774958600   -0.0134911900    0.0351563200
  -0.5031886100    0.0242683300   -0.0808534800
   0.2010057900    0.0864332300    0.0387512800
   0.0020489300   -0.0027433200   -0.0004510700
  -0.0012204300   -0.0003884100    0.0006726200
   0.0050786200   -0.0030515300   -0.0040009600
  -0.0051941100    0.0257018800   -0.0011573200
   0.0006599300   -0.0010081500   -0.0010917700
   0.1874084100   -0.0811841800    0.0204831300
   0.0070087300   -0.0028574600   -0.0001237100
  -0.0007059600   -0.0072705900   -0.0006845100
  -0.0006869900   -0.0081108200    0.0008268400
   0.0037758100    0.0008741600   -0.0039026200

5    
 -0.0075531961372871   0.0000000000000000  -0.0065535660606781
  -0.0131072900   -0.0178877200   -0.0023934000
  -0.0414972200    0.0150822400    0.0051343100
   0.0224040300    0.0224798900    0.0013522100
  -0.0867557900    0.0186165400   -0.0352123700
   0.5066767100   -0.0057804700    0.0815299400
  -0.2066062700   -0.0893507000   -0.0371853500
  -0.0005557300   -0.0055320000    0.0004561700
  -0.0009578500   -0.0014318400   -0.0006801500
   0.0003055400    0.0015036200    0.0039750500
  -0.0016795900   -0.0149576700    0.0009067100
   0.0053235000    0.0031285200    0.0011388000
  -0.1822280400    0.0888050100   -0.0229504200
   0.0077937400   -0.0027985000    0.0001259300
  -0.0006640700   -0.0085899600   -0.0015994000
  -0.0006827100   -0.0077413900    0.0014555600
  -0.0077689600    0.0044544300    0.0039464200

5    
  0.0000000000000000   0.0100000000000000   0.0000000000000000
   0.0191291900    0.0376138700    0.0000000000
   0.0180434400   -0.0506144500    0.0000000000
  -0.0695173300    0.0281036200    0.0000000000
   0.0258860800    0.3268607000    0.0000000000
   0.0207334800   -0.6353988600    0.0000000000
   0.0634642900    0.1631655200    0.0000000000
   0.0018305600   -0.0036639000    0.0000000000
   0.0000097000   -0.0002389700    0.0000000000
  -0.0012599100   -0.0000532100    0.0000000000
  -0.0049303200    0.0155285700    0.0000000000
   0.0292351900    0.0115082400    0.0000000000
  -0.1110159200    0.1239547700    0.0000000000
   0.0076466500   -0.0028528500    0.0000000000
  -0.0006300400   -0.0071219800   -0.0010603900
  -0.0006300400   -0.0071219800    0.0010603900
   0.0020049800    0.0003308900    0.0000000000

5    
  0.0000000000000000  -0.0100000000000000   0.0000000000000000
  -0.0228678700   -0.0356935600    0.0000000000
  -0.0161399800    0.0490853400    0.0000000000
   0.0657696500   -0.0255932800    0.0000000000
  -0.0342184100   -0.2983414900    0.0000000000
  -0.0190372600    0.6212539500    0.0000000000
  -0.0663213200   -0.1618556600    0.0000000000
  -0.0003390600   -0.0045990900    0.0000000000
  -0.0021742000   -0.0015664800    0.0000000000
   0.0066877600   -0.0015139000    0.0000000000
  -0.0018660800   -0.0045380100    0.0000000000
  -0.0235401900   -0.0097122400    0.0000000000
   0.1143163400   -0.1117044300    0.0000000000
   0.0071573300   -0.0028009900    0.0000000000
  -0.0007370100   -0.0087249400   -0.0012215600
  -0.0007370100   -0.0087249400    0.0012215600
  -0.0059526800    0.0050297200    0.0000000000

6    
  0.0075531961372871   0.0000000000000000   0.0065535660606781
  -0.0215927800   -0.0447624200   -0.0052647500
   0.1907080200   -0.0446547900    0.0386649300
   0.0433413900    0.0017242900    0.0036885900
  -0.0210483500    0.0508676400   -0.0052932200
   0.2083568900    0.0551257800    0.0371362800
  -0.4632604600   -0.0099969800   -0.0764443600
   0.0001826700   -0.0040764300   -0.0001164600
  -0.0025116100    0.0003172700   -0.0045233200
   0.0153053800   -0.0113341500   -0.0019096800
  -0.0049653400    0.0044279400   -0.0041395300
   0.0422125800    0.0048665400    0.0196467200
   0.0128254100    0.0163142600   -0.0023328800
   0.0072876000   -0.0028075300    0.0000317700
  -0.0008949800   -0.0085550400   -0.0011243900
  -0.0008417300   -0.0085784900    0.0011721700
  -0.0051047000    0.0011221100    0.0008081300

6    
 -0.0075531961372871   0.0000000000000000  -0.0065535660606781
   0.0175804000    0.0465849800    0.0053349300
  -0.1956300100    0.0482258800   -0.0370846900
  -0.0463506200    0.0002337500   -0.0036864400
   0.0118616100   -0.0438017200    0.0052168600
  -0.1992592000   -0.0429544000   -0.0388019200
   0.4638402400   -0.0003389600    0.0764896200
   0.0013435800   -0.0041790200    0.0001223700
   0.0003208300   -0.0021004800    0.0044552900
  -0.0102495000    0.0098803400    0.0021662800
  -0.0019244500    0.0061952300    0.0042052600
  -0.0360978300   -0.0004591700   -0.0195948000
  -0.0131108600   -0.0039097600    0.0020696700
   0.0075168100   -0.0028518000   -0.0000327600
  -0.0004798500   -0.0072980900   -0.0011562900
  -0.0005342400   -0.0072709400    0.0011056100
   0.0011731100    0.0040441500   -0.0008089900

6    
  0.0000000000000000   0.0100000000000000   0.0000000000000000
  -0.0280560100    0.0308222000    0.0000000000
  -0.1145708500    0.1634112000    0.0000000000
  -0.0008629300   -0.0038069200    0.0000000000
   0.0219147300    0.0312749700    0.0000000000
   0.1192896700    0.1661977900    0.0000000000
  -0.0054132800   -0.6762286100    0.0000000000
  -0.0009305700   -0.0052485000    0.0000000000
  -0.0003649700    0.0039196800    0.0000000000
   0.0173793900   -0.0109776900    0.0000000000
  -0.0038162100    0.0103399500    0.0000000000
   0.0062662800    0.3043805000    0.0000000000
  -0.0158469300   -0.0039742100    0.0000000000
   0.0072929800   -0.0027612200    0.0000000000
  -0.0002797900   -0.0079720200   -0.0012533100
  -0.0002797900   -0.0079720200    0.0012533100
  -0.0017217400    0.0085948900    0.0000000000

6    
  0.0000000000000000  -0.0100000000000000   0.0000000000000000
   0.0237345400   -0.0286834400    0.0000000000
   0.1118232200   -0.1640473000    0.0000000000
  -0.0021097400    0.0060345200    0.0000000000
  -0.0308138800   -0.0238888600    0.0000000000
  -0.1133643800   -0.1588243600    0.0000000000
   0.0073877000    0.6966687200    0.0000000000
   0.0024424400   -0.0030126300    0.0000000000
  -0.0018523600   -0.0056711400    0.0000000000
  -0.0118777900    0.0094755900    0.0000000000
  -0.0030486100    0.0003132700    0.0000000000
  -0.0005472100   -0.3226567900    0.0000000000
   0.0151192000    0.0163461900    0.0000000000
   0.0075121900   -0.0028977800    0.0000000000
  -0.0010920400   -0.0078814300   -0.0010321900
  -0.0010920400   -0.0078814300    0.0010321900
  -0.0022212300   -0.0033931400    0.0000000000

7    
  0.0075531961372871   0.0000000000000000   0.0065535660606781
  -0.0033765500   -0.0017721700   -0.0018323100
   0.0012515100   -0.0007381900   -0.0010995600
  -0.0010723500    0.0115227100    0.0034514700
  -0.0067255600   -0.0032995600    0.0009449400
   0.0022281500    0.0043916400   -0.0004417200
   0.0000429600   -0.0001661400   -0.0001202300
  -0.3367524600    0.0507419500   -0.3476001500
  -0.0012438000   -0.0008995200    0.0004185500
   0.0025918700   -0.0009852900    0.0001748700
  -0.0030077800    0.0042425500    0.0001282600
   0.0030698800    0.0010811500    0.0002393700
  -0.0002371700    0.0058012900    0.0000253100
   0.0583788700   -0.0593260500    0.0299437900
   0.0131661600   -0.0002533600    0.0607236500
   0.1448127200   -0.0604668100    0.2196873600
   0.1268735400    0.0501257800    0.0353564100

7    
 -0.0075531961372871   0.0000000000000000  -0.0065535660606781
  -0.0005758400    0.0034631600    0.0018380600
   0.0004544800   -0.0005553100    0.0010951600
  -0.0020635600   -0.0098897200   -0.0035221800
  -0.0025552300    0.0103461700   -0.0009534900
  -0.0003805700    0.0027539500    0.0004664300
   0.0012086100    0.0023828300    0.0001192100
   0.3332278700   -0.0507662500    0.3290367400
  -0.0009408400   -0.0009172600   -0.0004127200
   0.0028498500   -0.0005566900   -0.0001733600
  -0.0039147900    0.0063960000   -0.0001297200
   0.0029818100    0.0010776400   -0.0002430300
  -0.0004372100    0.0065287800   -0.0000239100
  -0.0425883400    0.0524855300   -0.0287686200
  -0.0149489000   -0.0156664700   -0.0607712900
  -0.1373884700    0.0408858000   -0.2028864100
  -0.1349288800   -0.0479681500   -0.0346708500

7    
  0.0000000000000000   0.0100000000000000   0.0000000000000000
  -0.0065523300    0.0029694000    0.0000000000
   0.0026452100    0.0002383900    0.0000000000
   0.0345165100    0.0410654400    0.0000000000
  -0.0042868200    0.0015176800    0.0000000000
   0.0027636400    0.0040272400    0.0000000000
   0.0007023200   -0.0000178400    0.0000000000
   0.0741867600   -0.5417452800    0.0000000000
  -0.0008036300   -0.0009552000    0.0000000000
   0.0025720200   -0.0004432100    0.0000000000
  -0.0025284000    0.0070409800    0.0000000000
   0.0030920700    0.0010915900    0.0000000000
  -0.0002693000    0.0057433800    0.0000000000
  -0.0818712300    0.2765625000    0.0000000000
  -0.0269418700    0.0493468900    0.0411260800
  -0.0269418700    0.0493468900   -0.0411260800
   0.0297169100    0.1042111500    0.0000000000

7    
  0.0000000000000000  -0.0100000000000000   0.0000000000000000
   0.0025766500   -0.0013788100    0.0000000000
  -0.0009281300   -0.0015095300    0.0000000000
  -0.0381295600   -0.0399688400    0.0000000000
  -0.0050109400    0.0052998900    0.0000000000
  -0.0009289300    0.0030916600    0.0000000000
   0.0005675600    0.0022154100    0.0000000000
  -0.0602947100    0.5159321800    0.0000000000
  -0.0013680400   -0.0008507000    0.0000000000
   0.0028660000   -0.0011030200    0.0000000000
  -0.0043629700    0.0035282800    0.0000000000
   0.0029626800    0.0010696000    0.0000000000
  -0.0004045000    0.0065847100    0.0000000000
   0.0905615500   -0.2651368400    0.0000000000
   0.0244973000   -0.0636788800   -0.0425414100
   0.0244973000   -0.0636788800    0.0425414100
  -0.0371012600   -0.1004162300    0.0000000000

8    
  0.0075531961372871   0.0000000000000000   0.0065535660606781
   0.1837054100   -0.0885380500    0.0191520300
  -0.0023115000    0.0012564400   -0.0014302500
   0.0123579800   -0.0118165600   -0.0030280800
  -0.0020988600    0.0062849800   -0.0030444700
   0.0008046900    0.0044086700    0.0006794600
  -0.0007928000    0.0016771200   -0.0045182400
   0.0005936300   -0.0039293700    0.0004214400
  -0.1968774800    0.0966093900   -0.0130493700
   0.0021553700   -0.0010425700    0.0027449000
  -0.0027498700    0.0046660000   -0.0000028700
   0.0029583700    0.0012562600   -0.0003049000
  -0.0003164800    0.0061117300    0.0005038900
   0.0074234600   -0.0027949000   -0.0000041700
  -0.0009039100   -0.0080793800   -0.0010863600
  -0.0006599500   -0.0079137700    0.0010944800
  -0.0032880800    0.0018440100    0.0018725200

8    
 -0.0075531961372871   0.0000000000000000  -0.0065535660606781
  -0.1828167800    0.0859256700   -0.0211380400
   0.0038812700   -0.0024604100    0.0014336100
  -0.0151062700    0.0137347400    0.0028419800
  -0.0071715300    0.0006549100    0.0030132200
   0.0010665500    0.0027554000   -0.0006730700
   0.0020401100    0.0005496900    0.0044613600
   0.0008977200   -0.0043546900   -0.0004100800
   0.1897782300   -0.0941653900    0.0152154600
   0.0032963400   -0.0005216400   -0.0027020100
  -0.0041461300    0.0059367500    0.0000100000
   0.0030855300    0.0009067000    0.0002972200
  -0.0003569800    0.0062111700   -0.0004990300
   0.0073819200   -0.0028586100    0.0000040900
  -0.0004657500   -0.0077760500   -0.0012018400
  -0.0007043200   -0.0079384000    0.0011940600
  -0.0006599200    0.0034001600   -0.0018469500

8    
  0.0000000000000000   0.0100000000000000   0.0000000000000000
  -0.1169063000    0.1228231100    0.0000000000
  -0.0245507600    0.0094594800    0.0000000000
   0.0107129400   -0.0079551800    0.0000000000
  -0.0021709600    0.0044448500    0.0000000000
   0.0016130200    0.0042234300    0.0000000000
   0.0022544700    0.0058658400    0.0000000000
   0.0007533600   -0.0041907000    0.0000000000
   0.1230525500   -0.1284748200    0.0000000000
   0.0029823700   -0.0017592400    0.0000000000
  -0.0026382400    0.0049661800    0.0000000000
   0.0017787000    0.0016706900    0.0000000000
  -0.0004363400    0.0061158000    0.0000000000
   0.0073631500   -0.0028382900    0.0000000000
  -0.0007528800   -0.0079532200   -0.0011032800
  -0.0007528800   -0.0079532200    0.0011032800
  -0.0023021800    0.0015552900    0.0000000000

8    
  0.0000000000000000  -0.0100000000000000   0.0000000000000000
   0.1170939600   -0.1215483100    0.0000000000
   0.0266197400   -0.0109964700    0.0000000000
  -0.0139509300    0.0099857600    0.0000000000
  -0.0071682100    0.0024889700    0.0000000000
   0.0002324900    0.0028960200    0.0000000000
  -0.0009472200   -0.0037257100    0.0000000000
   0.0007310600   -0.0040855200    0.0000000000
  -0.1294926200    0.1272933600    0.0000000000
   0.0024542500    0.0002121700    0.0000000000
  -0.0042717200    0.0056434900    0.0000000000
   0.0042808800    0.0004782100    0.0000000000
  -0.0002379100    0.0062072000    0.0000000000
   0.0074454900   -0.0028174100    0.0000000000
  -0.0006143700   -0.0079001700   -0.0011845300
  -0.0006143700   -0.0079001700    0.0011845300
  -0.0015605000    0.0037685800    0.0000000000

9    
  0.0075531961372871   0.0000000000000000   0.0065535660606781
  -0.0036909600   -0.0006872900   -0.0020748600
   0.1934564400    0.0840200900    0.0211058800
  -0.0028553700    0.0003206900   -0.0048646700
  -0.0049671900    0.0029030300    0.0006695900
   0.0033290500    0.0005747100   -0.0040135200
   0.0134905600    0.0121735800   -0.0021138500
   0.0006149900   -0.0042542500    0.0001746400
  -0.0016547300   -0.0006965600    0.0027457800
  -0.2012753400   -0.0914715500   -0.0141540100
  -0.0034255500    0.0053623400    0.0005345800
   0.0023601100    0.0008868800    0.0022750700
   0.0004366500    0.0067225600   -0.0000884000
   0.0074002200   -0.0028208800    0.0000323600
  -0.0006869300   -0.0079548100   -0.0011519900
  -0.0006290400   -0.0078911800    0.0011405800
  -0.0019029000    0.0028126200   -0.0002171900

9    
 -0.0075531961372871   0.0000000000000000  -0.0065535660606781
  -0.0004150400    0.0022634600    0.0020560400
  -0.1860725300   -0.0810428300   -0.0231046200
  -0.0001113100    0.0016127600    0.0048054500
  -0.0043198600    0.0040370600   -0.0006633400
  -0.0014428800    0.0065779900    0.0039635300
  -0.0120650800   -0.0099289900    0.0019617500
   0.0008743900   -0.0040299400   -0.0001739900
  -0.0005130400   -0.0010950500   -0.0027012700
   0.2010189800    0.0857390700    0.0163356100
  -0.0034796500    0.0052383400   -0.0005287800
   0.0036838600    0.0012702400   -0.0022373900
  -0.0011060700    0.0055979000    0.0000951800
   0.0074059100   -0.0028333600   -0.0000319700
  -0.0006794200   -0.0078992600   -0.0011378700
  -0.0007369600   -0.0079625400    0.0011491700
  -0.0020412800    0.0024551500    0.0002124800

9    
  0.0000000000000000   0.0100000000000000   0.0000000000000000
   0.0249781200    0.0116879400    0.0000000000
   0.1111542900    0.1112308200    0.0000000000
  -0.0031044400    0.0050662900    0.0000000000
  -0.0052098300    0.0042901900    0.0000000000
  -0.0021034000    0.0043237900    0.0000000000
  -0.0134813700   -0.0091887300    0.0000000000
   0.0004578700   -0.0038093000    0.0000000000
  -0.0014354900   -0.0018872800    0.0000000000
  -0.1162392700   -0.1181096900    0.0000000000
  -0.0033775000    0.0052483700    0.0000000000
   0.0035296700    0.0003695100    0.0000000000
  -0.0011283700    0.0057986700    0.0000000000
   0.0075449600   -0.0027278400    0.0000000000
  -0.0006352200   -0.0079339100   -0.0011715100
  -0.0006352200   -0.0079339100    0.0011715100
  -0.0003147800    0.0035750700    0.0000000000

9    
  0.0000000000000000  -0.0100000000000000   0.0000000000000000
  -0.0285535600   -0.0097432200    0.0000000000
  -0.1063393200   -0.1127811100    0.0000000000
   0.0001769900   -0.0030561100    0.0000000000
  -0.0040912500    0.0026727900    0.0000000000
   0.0039278100    0.0028637400    0.0000000000
   0.0146044000    0.0112650900    0.0000000000
   0.0010269400   -0.0044706200    0.0000000000
  -0.0007452300    0.0000836300    0.0000000000
   0.1183220200    0.1165711900    0.0000000000
  -0.0035266000    0.0053556000    0.0000000000
   0.0025693700    0.0017969200    0.0000000000
   0.0004466100    0.0065156000    0.0000000000
   0.0072635500   -0.0029235700    0.0000000000
  -0.0007286700   -0.0079213100   -0.0011205600
  -0.0007286700   -0.0079213100    0.0011205600
  -0.0036243900    0.0016927100    0.0000000000

10   
  0.0075531961372871   0.0000000000000000   0.0065535660606781
   0.0002961200   -0.0021506100   -0.0032463200
   0.0007065900   -0.0013871500    0.0006123700
   0.0112516200    0.0124359200   -0.0018189700
   0.1876594500    0.0825803500    0.0193563400
  -0.0007453900    0.0024451500   -0.0010281400
  -0.0008875500    0.0008212000   -0.0041455600
   0.0012136800   -0.0034341600    0.0001303400
  -0.0003952900   -0.0002849600   -0.0000090800
   0.0027467300   -0.0007169800    0.0005289900
  -0.2061037400   -0.0819968400   -0.0144947900
   0.0030338300    0.0009500700   -0.0003761500
  -0.0009843500    0.0063037800    0.0024822300
   0.0067951100   -0.0027587900    0.0003084000
  -0.0009188400   -0.0088640600   -0.0005220800
  -0.0008686400   -0.0071801600    0.0007028500
  -0.0027993400    0.0032372300    0.0015195800

10   
 -0.0075531961372871   0.0000000000000000  -0.0065535660606781
  -0.0042613700    0.0038035600    0.0032818300
   0.0009973500    0.0001367400   -0.0006186600
  -0.0144206600   -0.0105094000    0.0019934000
  -0.2027454500   -0.0798686500   -0.0172624400
   0.0027681700    0.0047601600    0.0010358500
   0.0021549500    0.0014006600    0.0042000700
   0.0003038300   -0.0048203200   -0.0001282800
  -0.0017900800   -0.0015190900    0.0000036800
   0.0026924200   -0.0008291100   -0.0005342800
   0.2050520300    0.0968002500    0.0122223400
   0.0030288900    0.0012100900    0.0003823800
   0.0002999300    0.0060009200   -0.0025246000
   0.0080032600   -0.0028938900   -0.0003147600
  -0.0004451700   -0.0069859300   -0.0017521300
  -0.0005009100   -0.0086872800    0.0015677600
  -0.0011372100    0.0020013000   -0.0015521600

10   
  0.0000000000000000   0.0100000000000000   0.0000000000000000
  -0.0047987600    0.0020346600    0.0000000000
   0.0001150300    0.0002005300    0.0000000000
  -0.0133606300   -0.0100107000    0.0000000000
   0.1017463000    0.1108340700    0.0000000000
   0.0276692700    0.0134672200    0.0000000000
  -0.0005688300    0.0060860900    0.0000000000
  -0.0007067800   -0.0023705000    0.0000000000
  -0.0019277800   -0.0012397100    0.0000000000
   0.0028019300   -0.0008274500    0.0000000000
  -0.1201959100   -0.1116185000    0.0000000000
   0.0042912800    0.0016483700    0.0000000000
  -0.0006000300    0.0051565200    0.0000000000
   0.0070104700   -0.0028667300    0.0000000000
  -0.0006484100   -0.0066203100   -0.0014307200
  -0.0006484100   -0.0066203100    0.0014307200
  -0.0001787300    0.0027467400    0.0000000000

10   
  0.0000000000000000  -0.0100000000000000   0.0000000000000000
   0.0008951500   -0.0003817400    0.0000000000
   0.0016180600   -0.0014959500    0.0000000000
   0.0106098000    0.0119696700    0.0000000000
  -0.1140183600   -0.1034421200    0.0000000000
  -0.0261658000   -0.0065997500    0.0000000000
   0.0017698400   -0.0039412900    0.0000000000
   0.0021460500   -0.0058828900    0.0000000000
  -0.0002467000   -0.0005637600    0.0000000000
   0.0026391700   -0.0007184400    0.0000000000
   0.1164713100    0.1219968700    0.0000000000
   0.0017553600    0.0004999200    0.0000000000
  -0.0000730900    0.0071603100    0.0000000000
   0.0077833700   -0.0027865600    0.0000000000
  -0.0007203400   -0.0092109600   -0.0008598800
  -0.0007203400   -0.0092109600    0.0008598800
  -0.0037434900    0.0026076500    0.0000000000

11   
  0.0075531961372871   0.0000000000000000   0.0065535660606781
   0.0010391700   -0.0007228900   -0.0037789200
  -0.0020451200   -0.0201104800   -0.0009868600
  -0.0002062900    0.0009745500    0.0002035300
  -0.0016498500    0.0049379900   -0.0040531900
  -0.0013624200    0.0235897100   -0.0011880800
   0.0397516600    0.0023641400    0.0196020400
   0.0007857100   -0.0040942600    0.0002413500
  -0.0011546600   -0.0018475300   -0.0003067900
   0.0020562500   -0.0004012500    0.0022565300
  -0.0034478900    0.0062589300   -0.0003736300
  -0.0364919100   -0.0006488400   -0.0144805100
  -0.0009967800    0.0058396400    0.0024822800
   0.0073583500   -0.0028243600    0.0000218600
  -0.0007149100   -0.0080431500   -0.0011253200
  -0.0006799700   -0.0078598000    0.0010830500
  -0.0022413500    0.0025876200    0.0004026700

11   
 -0.0075531961372871   0.0000000000000000  -0.0065535660606781
  -0.0049765200    0.0023980000    0.0037746600
   0.0036860300    0.0190079700    0.0011339800
  -0.0027655400    0.0009847800   -0.0002037000
  -0.0076392500    0.0020251500    0.0040568000
   0.0033042000   -0.0162721800    0.0010420700
  -0.0385628100   -0.0027788000   -0.0196379300
   0.0007002800   -0.0041906400   -0.0002412200
  -0.0010272900    0.0000427900    0.0002951500
   0.0033779800   -0.0011272100   -0.0022553600
  -0.0034525200    0.0043448200    0.0003848400
   0.0426066200    0.0050232800    0.0145157100
   0.0003320400    0.0065001400   -0.0024825700
   0.0074479700   -0.0028282000   -0.0000220300
  -0.0006506300   -0.0078116000   -0.0011655500
  -0.0006854200   -0.0079951500    0.0012076300
  -0.0016951400    0.0026768700   -0.0004024900

11   
  0.0000000000000000   0.0100000000000000   0.0000000000000000
  -0.0049398600    0.0002551500    0.0000000000
   0.0039983100    0.0104068900    0.0000000000
  -0.0015414800    0.0002570700    0.0000000000
  -0.0018960400    0.0027380600    0.0000000000
  -0.0018343200    0.0141056900    0.0000000000
   0.0043190200    0.3243125900    0.0000000000
   0.0007438900   -0.0041307700    0.0000000000
  -0.0008606800   -0.0003120200    0.0000000000
   0.0024666000   -0.0014877500    0.0000000000
  -0.0036231600    0.0058700000    0.0000000000
  -0.0008889300   -0.3414793100    0.0000000000
  -0.0000690400    0.0054413700    0.0000000000
   0.0073797200   -0.0028102600    0.0000000000
  -0.0006723600   -0.0079262100   -0.0011070500
  -0.0006723600   -0.0079262100    0.0011070500
  -0.0019093000    0.0026857000    0.0000000000

11   
  0.0000000000000000  -0.0100000000000000   0.0000000000000000
   0.0010318900    0.0014144500    0.0000000000
  -0.0022421900   -0.0118082300    0.0000000000
  -0.0014313000    0.0017008800    0.0000000000
  -0.0074259500    0.0042151700    0.0000000000
   0.0036467700   -0.0071139400    0.0000000000
  -0.0027407000   -0.3027268500    0.0000000000
   0.0007444900   -0.0041485000    0.0000000000
  -0.0013204300   -0.0015041300    0.0000000000
   0.0029733700   -0.0000614900    0.0000000000
  -0.0032783600    0.0047224700    0.0000000000
   0.0066328700    0.3245460800    0.0000000000
  -0.0006034500    0.0068783900    0.0000000000
   0.0074280200   -0.0028453600    0.0000000000
  -0.0006956100   -0.0079270500   -0.0011803100
  -0.0006956100   -0.0079270500    0.0011803100
  -0.0020238200    0.0025851500    0.0000000000

12   
  0.0075531961372871   0.0000000000000000   0.0065535660606781
  -0.0022439500    0.0014833900    0.0007229700
   0.0034063600    0.0022957900   -0.0041919200
  -0.0028664800    0.0016199000   -0.0043222800
  -0.0067267500    0.0053381300   -0.0020119000
   0.1831161200   -0.0794034300    0.0227094500
   0.0135100800   -0.0105697500   -0.0021222900
   0.0008440800   -0.0040900000    0.0000238400
  -0.0010694200   -0.0009790900    0.0004988400
   0.0034898800   -0.0013686800   -0.0000955000
  -0.0040999800    0.0051099800    0.0024827000
   0.0023668300    0.0012795600    0.0024622700
  -0.1937021100    0.0953079900   -0.0161303500
   0.0074118400   -0.0028391800   -0.0000231800
  -0.0007014900   -0.0079431500   -0.0011525800
  -0.0007113400   -0.0078894900    0.0011400800
  -0.0020236700    0.0026480100    0.0000098600

12   
 -0.0075531961372871   0.0000000000000000  -0.0065535660606781
  -0.0017010900    0.0001707000   -0.0007299800
  -0.0017171600   -0.0035568400    0.0042436100
  -0.0001046900    0.0003069900    0.0043718300
  -0.0024032000    0.0015220900    0.0020232000
  -0.1865249600    0.0908297600   -0.0207336100
  -0.0124285000    0.0128220100    0.0022800700
   0.0006428700   -0.0041908100   -0.0000251700
  -0.0011081800   -0.0008297200   -0.0005040500
   0.0019457400   -0.0001795200    0.0000883300
  -0.0028150500    0.0055089400   -0.0025239400
   0.0036955800    0.0008756000   -0.0025029700
   0.1983481600   -0.0872163200    0.0139802500
   0.0073953400   -0.0028169500    0.0000234800
  -0.0006687900   -0.0079099200   -0.0011306800
  -0.0006588400   -0.0079640700    0.0011432200
  -0.0018972200    0.0026280600   -0.0000035900

12   
  0.0000000000000000   0.0100000000000000   0.0000000000000000
  -0.0013148800    0.0015020800    0.0000000000
   0.0037615000   -0.0000603200    0.0000000000
   0.0003765500    0.0054445400    0.0000000000
  -0.0305734600    0.0152346100    0.0000000000
  -0.1133579000    0.1214153900    0.0000000000
   0.0140931900   -0.0091305600    0.0000000000
   0.0002609500   -0.0045617000    0.0000000000
  -0.0011546800   -0.0009494300    0.0000000000
   0.0034698300   -0.0011364000    0.0000000000
  -0.0032500600    0.0042990900    0.0000000000
   0.0025658800    0.0003630600    0.0000000000
   0.1223692300   -0.1178648600    0.0000000000
   0.0074637100   -0.0027929200    0.0000000000
  -0.0006185100   -0.0079222600   -0.0011881600
  -0.0006185100   -0.0079222600    0.0011881600
  -0.0034728600    0.0040819500    0.0000000000

12   
  0.0000000000000000  -0.0100000000000000   0.0000000000000000
  -0.0026134900    0.0001753500    0.0000000000
  -0.0020058100   -0.0011678000    0.0000000000
  -0.0033920400   -0.0034381500    0.0000000000
   0.0209349100   -0.0079850800    0.0000000000
   0.1116385700   -0.1142552500    0.0000000000
  -0.0126813200    0.0111914100    0.0000000000
   0.0012240100   -0.0037203700    0.0000000000
  -0.0010221500   -0.0008574100    0.0000000000
   0.0019797400   -0.0004194200    0.0000000000
  -0.0036501700    0.0063042500    0.0000000000
   0.0034411100    0.0018013200    0.0000000000
  -0.1192319900    0.1298848400    0.0000000000
   0.0073448600   -0.0028621600    0.0000000000
  -0.0007486400   -0.0079310400   -0.0011002000
  -0.0007486400   -0.0079310400    0.0011002000
  -0.0004689500    0.0012105500    0.0000000000

13   
  0.0075531961372871   0.0000000000000000   0.0065535660606781
  -0.0022717000    0.0020267100   -0.0001708400
   0.0012589400   -0.0007736000   -0.0000106100
   0.0018743800    0.0021682000   -0.0002656400
  -0.0037089500    0.0031512500   -0.0002387100
   0.0005367900    0.0037571900   -0.0001237600
   0.0005132500    0.0010155700    0.0000322800
   0.0507463100   -0.0686688000    0.0289405500
  -0.0010686000   -0.0009348400   -0.0000035300
   0.0027170000   -0.0006668000    0.0000323300
  -0.0040556600    0.0050111100    0.0003110200
   0.0029824000    0.0010610200    0.0000215300
  -0.0003276900    0.0062062600   -0.0000232500
  -0.0499425700    0.0517519400   -0.0272436600
  -0.0031344800   -0.0029097400   -0.0003974300
   0.0066632200   -0.0334062600   -0.0007114200
  -0.0027826300    0.0312108100   -0.0001488500

13   
 -0.0075531961372871   0.0000000000000000  -0.0065535660606781
  -0.0016606200   -0.0003458300    0.0001661800
   0.0004630200   -0.0005014300    0.0000087000
  -0.0048114400   -0.0003209300    0.0002950300
  -0.0055923800    0.0038002800    0.0002376400
   0.0013219000    0.0033854900    0.0001261100
   0.0007417600    0.0011781400   -0.0000319800
  -0.0502199400    0.0614144000   -0.0297767100
  -0.0011107100   -0.0008724200    0.0000046800
   0.0027222200   -0.0008788200   -0.0000319500
  -0.0028495500    0.0055951000   -0.0003121500
   0.0030706500    0.0010957500   -0.0000224600
  -0.0003456900    0.0061162400    0.0000232200
   0.0656795600   -0.0581313100    0.0277972100
   0.0017595000   -0.0128934900   -0.0018392400
  -0.0079318200    0.0172685200    0.0030911500
  -0.0012364700   -0.0259097100    0.0002645600

13   
  0.0000000000000000   0.0100000000000000   0.0000000000000000
  -0.0022881400    0.0016884900    0.0000000000
   0.0011572000   -0.0006164400    0.0000000000
   0.0011045600   -0.0006704500    0.0000000000
  -0.0044777300    0.0032817900    0.0000000000
   0.0008935600    0.0035418700    0.0000000000
   0.0006565500    0.0011658900    0.0000000000
  -0.0705068200    0.2586931800    0.0000000000
  -0.0010502100   -0.0009156500    0.0000000000
   0.0027283800   -0.0006756200    0.0000000000
  -0.0033602700    0.0052617800    0.0000000000
   0.0030282400    0.0010979900    0.0000000000
  -0.0003508800    0.0061949100    0.0000000000
   0.0774346000   -0.2945902900    0.0000000000
  -0.0031419000   -0.0041665300   -0.0017298500
  -0.0031419000   -0.0041665300    0.0017298500
   0.0013148000    0.0248756200    0.0000000000

13   
  0.0000000000000000  -0.0100000000000000   0.0000000000000000
  -0.0016499900   -0.0000224300    0.0000000000
   0.0005631400   -0.0006544800    0.0000000000
  -0.0041152000    0.0025553400    0.0000000000
  -0.0048242100    0.0036764300    0.0000000000
   0.0009688000    0.0035976900    0.0000000000
   0.0006017200    0.0010320500    0.0000000000
   0.0777270000   -0.2830109700    0.0000000000
  -0.0011266100   -0.0008930500    0.0000000000
   0.0027134400   -0.0008694300    0.0000000000
  -0.0035363200    0.0053429800    0.0000000000
   0.0030261900    0.0010627700    0.0000000000
  -0.0003221900    0.0061281100    0.0000000000
  -0.0682394700    0.3048666300    0.0000000000
   0.0017012300   -0.0115179300   -0.0005490900
   0.0017012300   -0.0115179300    0.0005490900
  -0.0051887600   -0.0197757900    0.0000000000

14   
  0.0100000000000000   0.0000000000000000   0.0000000000000000
  -0.0013523300    0.0019637000    0.0004167300
   0.0008849100   -0.0010861700    0.0002633600
  -0.0015763300   -0.0052798700   -0.0003347200
  -0.0053557700    0.0041451400    0.0002636900
   0.0009091700    0.0036276600   -0.0000152800
   0.0003862100    0.0015052200   -0.0000419400
   0.1030233300   -0.0293674800   -0.0948650400
  -0.0012230900   -0.0009731800   -0.0001842400
   0.0027538500   -0.0007269200   -0.0000436500
  -0.0037375700    0.0053376400   -0.0000438800
   0.0030055700    0.0010918600   -0.0000264800
  -0.0003647100    0.0062275400    0.0000075500
   0.0106175100   -0.0052372000   -0.0074208900
  -0.1239982600    0.0145935200    0.1095573700
  -0.0100776800   -0.0058380100    0.0132815100
   0.0261052000    0.0100165500   -0.0208140900

14   
 -0.0100000000000000   0.0000000000000000   0.0000000000000000
  -0.0025863100   -0.0002896000   -0.0004274400
   0.0008337300   -0.0001871900   -0.0002640400
  -0.0013985000    0.0071665500    0.0003592600
  -0.0039188000    0.0028050600   -0.0002472900
   0.0009429300    0.0035196500    0.0000133400
   0.0008697400    0.0006897700    0.0000400800
  -0.1022773200    0.0220928200    0.0989373500
  -0.0009568500   -0.0008356500    0.0001838200
   0.0026869700   -0.0008176300    0.0000442700
  -0.0031783800    0.0052661500    0.0000368900
   0.0030471100    0.0010668300    0.0000266200
  -0.0003089200    0.0060964600   -0.0000076000
   0.0041968900   -0.0003924400    0.0074493100
   0.1236736200   -0.0312429000   -0.1160381000
   0.0088001500   -0.0100967600   -0.0112548500
  -0.0304260800   -0.0048411100    0.0211483900

14   
  0.0000000000000000   0.0100000000000000   0.0000000000000000
  -0.0013634500    0.0018861900    0.0005212400
   0.0012792500   -0.0014439300    0.0002548800
  -0.0005281800   -0.0033941600   -0.0018598900
  -0.0055235500    0.0030666800   -0.0001067000
   0.0012404600    0.0043642600    0.0006380600
  -0.0002135400    0.0010543500    0.0000190300
  -0.0273127000    0.0517853300    0.0440556900
  -0.0011815000   -0.0009304600   -0.0001253300
   0.0027252500   -0.0007784300   -0.0000486500
  -0.0035731900    0.0065899400   -0.0012808700
   0.0029959200    0.0010798100   -0.0001387600
  -0.0003229300    0.0061661600   -0.0000405800
  -0.0061627500    0.0009150300    0.0232386800
   0.0220023300   -0.0642880300   -0.0441420000
   0.0014530700   -0.0094000600   -0.0053246900
   0.0144855200    0.0033273200   -0.0156601000

14   
  0.0000000000000000  -0.0100000000000000   0.0000000000000000
  -0.0025739700   -0.0002161100   -0.0005197700
   0.0004345000    0.0001820800   -0.0002528600
  -0.0024508000    0.0053009600    0.0018578400
  -0.0037700700    0.0038808500    0.0001177500
   0.0006104200    0.0027625000   -0.0006506800
   0.0014826500    0.0011461000   -0.0000198600
   0.0295024700   -0.0612474400   -0.0449460600
  -0.0009976800   -0.0008769500    0.0001246800
   0.0027148400   -0.0007664200    0.0000479400
  -0.0033287400    0.0039993100    0.0013018500
   0.0030577100    0.0010793100    0.0001409600
  -0.0003504400    0.0061577500    0.0000415700
   0.0207724000   -0.0064391500   -0.0230407100
  -0.0238212000    0.0493820100    0.0426187600
  -0.0028066800   -0.0064159300    0.0075471900
  -0.0184754100    0.0020711200    0.0156313900

14   
  0.0000000000000000   0.0000000000000000   0.0100000000000000
  -0.0020354500    0.0003323600    0.0002041500
   0.0009203900   -0.0004631000    0.0000272600
  -0.0016937700    0.0029148600   -0.0007872600
  -0.0057073600    0.0031898300    0.0000759600
   0.0014446000    0.0036530200    0.0001121100
   0.0006174800    0.0009886600    0.0000370600
  -0.1028205500    0.0390310300    0.2115656200
  -0.0010160700   -0.0008644900    0.0000054200
   0.0027183900   -0.0007958300   -0.0000092400
  -0.0027539800    0.0050197000    0.0001311700
   0.0030831600    0.0011150000   -0.0000333400
  -0.0003429300    0.0061173900   -0.0000099600
   0.0092076100   -0.0034695500   -0.0009862600
   0.1158935800   -0.0526528900   -0.2242004400
  -0.0130061100   -0.0014719400    0.0203068000
  -0.0045089900   -0.0026440600   -0.0064390500

14   
  0.0000000000000000   0.0000000000000000  -0.0100000000000000
  -0.0018902000    0.0013492800   -0.0002032700
   0.0008010500   -0.0008117800   -0.0000265200
  -0.0012867200   -0.0010493500    0.0007904300
  -0.0035998500    0.0037723700   -0.0000767500
   0.0004183300    0.0034940100   -0.0001063800
   0.0006355500    0.0012157800   -0.0000379900
   0.0964428400   -0.0447006100   -0.2034191600
  -0.0011625200   -0.0009442800   -0.0000071300
   0.0027239900   -0.0007485600    0.0000078400
  -0.0041446400    0.0055881000   -0.0001479800
   0.0029709500    0.0010465200    0.0000306100
  -0.0003308000    0.0062073600    0.0000086700
   0.0057320900   -0.0022815200    0.0008150800
  -0.1098077500    0.0341671400    0.2137046900
   0.0115355900   -0.0143479000   -0.0176305700
   0.0009620600    0.0080434400    0.0062984400

16   
  0.0075531961372871   0.0000000000000000   0.0065535660606781
  -0.0060164100    0.0343756300   -0.0035544400
   0.0066385600   -0.0027616800   -0.0025697100
   0.0727982300    0.0023821500    0.0250312100
  -0.0074657600   -0.0227068400   -0.0054972400
   0.0067246200    0.0065891600   -0.0039330300
  -0.0025347900    0.0013053400    0.0008047300
   0.1339209400    0.0229257800    0.0345592200
  -0.0024108300   -0.0012050900    0.0018677300
   0.0027905600    0.0004798200   -0.0002206400
  -0.0042751000    0.0066488000    0.0015404700
   0.0027526000    0.0011209600    0.0004042600
  -0.0003939900    0.0050275300    0.0000159900
   0.0066514700   -0.0002628300   -0.0002397800
   0.0068654600   -0.0057463800   -0.0074827200
   0.0348310400    0.0150110600   -0.0008891400
  -0.2508766100   -0.0631833900   -0.0398368900

16   
 -0.0075531961372871   0.0000000000000000  -0.0065535660606781
   0.0021089600   -0.0326924600    0.0037862400
  -0.0049269100    0.0013936600    0.0025684500
  -0.0762489100    0.0008775100   -0.0253909800
  -0.0018146800    0.0295219300    0.0052823600
  -0.0048215300    0.0005847000    0.0039171000
   0.0037362400    0.0009340000   -0.0008111200
  -0.1279069600   -0.0275716800   -0.0354715900
   0.0001999800   -0.0006443100   -0.0018505200
   0.0026461400   -0.0020266500    0.0002095000
  -0.0026190300    0.0039550400   -0.0015305000
   0.0032983000    0.0010381100   -0.0004001600
  -0.0002736400    0.0072969500    0.0000037200
   0.0081962200   -0.0051811300    0.0001762000
  -0.0083296900   -0.0101364100    0.0050138000
  -0.0353685300   -0.0303993900    0.0033110500
   0.2421240400    0.0630501300    0.0411864300

16   
  0.0000000000000000   0.0100000000000000   0.0000000000000000
   0.0126148200    0.0474800700    0.0000000000
   0.0029939400   -0.0064693500    0.0000000000
  -0.0384207000    0.2434803000    0.0000000000
  -0.0136575000    0.0411055500    0.0000000000
  -0.0014651400    0.0012184500    0.0000000000
  -0.0012923300    0.0070272200    0.0000000000
   0.0676123700    0.0990825800    0.0000000000
  -0.0021080000   -0.0020066600    0.0000000000
   0.0029444100    0.0001641500    0.0000000000
  -0.0026146600    0.0054110300    0.0000000000
   0.0029739900    0.0011296300    0.0000000000
  -0.0003142600    0.0075913700    0.0000000000
   0.0454188400    0.0197973400    0.0000000000
   0.0067193700   -0.0074074500   -0.0065499100
   0.0067193700   -0.0074074500    0.0065499100
  -0.0881245100   -0.4501967700    0.0000000000

16   
  0.0000000000000000  -0.0100000000000000   0.0000000000000000
  -0.0172581700   -0.0470317900    0.0000000000
  -0.0012496700    0.0052024500    0.0000000000
   0.0368402100   -0.2623163500    0.0000000000
   0.0047621700   -0.0348091700    0.0000000000
   0.0032733700    0.0059201100    0.0000000000
   0.0025708400   -0.0049543800    0.0000000000
  -0.0622265500   -0.1055453200    0.0000000000
  -0.0000675900    0.0002105800    0.0000000000
   0.0024667300   -0.0017224200    0.0000000000
  -0.0042568000    0.0052717700    0.0000000000
   0.0030828600    0.0010358100    0.0000000000
  -0.0003381400    0.0047256000    0.0000000000
  -0.0302067400   -0.0248509600    0.0000000000
  -0.0081288200   -0.0086632500    0.0041493100
  -0.0081288200   -0.0086632500   -0.0041493100
   0.0788651100    0.4761905500    0.0000000000
